"seqname","accession","tax_id","species_name","is_type"
"AY184273.1","AY184273.1","219545","Ameiurus melas","0"
"KM874552.1","KM874552.1","58321","Alburnoides bipunctatus","0"
"AY225663.1","AY225663.1","109273","Ambloplites rupestris","0"
"KM874532.1","KM874532.1","58321","Alburnoides bipunctatus","0"
"AF006715.1","AF006715.1","7936","Anguilla anguilla","0"
"HM173121.1","HM173121.1","58321","Alburnoides bipunctatus","0"
"AB021776.1","AB021776.1","7936","Anguilla anguilla","0"
"HM173102.1","HM173102.1","58321","Alburnoides bipunctatus","0"
"KJ564260.1","KJ564260.1","7936","Anguilla anguilla","0"
"EU492326.1","EU492326.1","7936","Anguilla anguilla","0"
"KM874534.1","KM874534.1","58321","Alburnoides bipunctatus","0"
"HM173104.1","HM173104.1","58321","Alburnoides bipunctatus","0"
"KJ564244.1","KJ564244.1","7936","Anguilla anguilla","0"
"HM173124.1","HM173124.1","58321","Alburnoides bipunctatus","0"
"KJ564226.1","KJ564226.1","7936","Anguilla anguilla","0"
"KJ564252.1","KJ564252.1","7936","Anguilla anguilla","0"
"HG794919.1","HG794919.1","7936","Anguilla anguilla","0"
"KM874614.1","KM874614.1","58321","Alburnoides bipunctatus","0"
"KM874560.1","KM874560.1","58321","Alburnoides bipunctatus","0"
"KJ564250.1","KJ564250.1","7936","Anguilla anguilla","0"
"KJ564256.1","KJ564256.1","7936","Anguilla anguilla","0"
"KM874612.1","KM874612.1","58321","Alburnoides bipunctatus","0"
"KJ564222.1","KJ564222.1","7936","Anguilla anguilla","0"
"KJ564267.1","KJ564267.1","7936","Anguilla anguilla","0"
"KJ564254.1","KJ564254.1","7936","Anguilla anguilla","0"
"HG794917.1","HG794917.1","7936","Anguilla anguilla","0"
"KM874610.1","KM874610.1","58321","Alburnoides bipunctatus","0"
"KJ564220.1","KJ564220.1","7936","Anguilla anguilla","0"
"KJ564270.1","KJ564270.1","7936","Anguilla anguilla","0"
"AY115978.1","AY115978.1","109273","Ambloplites rupestris","0"
"HM173106.1","HM173106.1","58321","Alburnoides bipunctatus","0"
"KM874530.1","KM874530.1","58321","Alburnoides bipunctatus","0"
"KM874569.1","KM874569.1","58321","Alburnoides bipunctatus","0"
"KJ564230.1","KJ564230.1","7936","Anguilla anguilla","0"
"KJ564268.1","KJ564268.1","7936","Anguilla anguilla","0"
"KM874561.1","KM874561.1","58321","Alburnoides bipunctatus","0"
"KM874563.1","KM874563.1","58321","Alburnoides bipunctatus","0"
"KM874565.1","KM874565.1","58321","Alburnoides bipunctatus","0"
"KM874640.1","KM874640.1","58321","Alburnoides bipunctatus","0"
"EU492310.1","EU492310.1","278165","Alosa fallax","0"
"KM874553.1","KM874553.1","58321","Alburnoides bipunctatus","0"
"KM874559.1","KM874559.1","58321","Alburnoides bipunctatus","0"
"AJ428497.1","AJ428497.1","61674","Acipenser sturio","0"
"KM874618.1","KM874618.1","58321","Alburnoides bipunctatus","0"
"AY184264.1","AY184264.1","27778","Ameiurus nebulosus","0"
"KJ564228.1","KJ564228.1","7936","Anguilla anguilla","0"
"KM874567.1","KM874567.1","58321","Alburnoides bipunctatus","0"
"KJ564234.1","KJ564234.1","7936","Anguilla anguilla","0"
"EU552576.1","EU552576.1","278165","Alosa fallax","0"
"KM874547.1","KM874547.1","58321","Alburnoides bipunctatus","0"
"KJ564218.1","KJ564218.1","7936","Anguilla anguilla","0"
"KM874545.1","KM874545.1","58321","Alburnoides bipunctatus","0"
"KJ564258.1","KJ564258.1","7936","Anguilla anguilla","0"
"KM874543.1","KM874543.1","58321","Alburnoides bipunctatus","0"
"KM874551.1","KM874551.1","58321","Alburnoides bipunctatus","0"
"KM874535.1","KM874535.1","58321","Alburnoides bipunctatus","0"
"AJ245839.1","AJ245839.1","61674","Acipenser sturio","0"
"KM874541.1","KM874541.1","58321","Alburnoides bipunctatus","0"
"HM560061.1","HM560061.1","54556","Alburnus alburnus","0"
"KM874606.1","KM874606.1","58321","Alburnoides bipunctatus","0"
"JQ436541.1","JQ436541.1","54556","Alburnus alburnus","0"
"HM173116.1","HM173116.1","58321","Alburnoides bipunctatus","0"
"KM874617.1","KM874617.1","58321","Alburnoides bipunctatus","0"
"KM874539.1","KM874539.1","58321","Alburnoides bipunctatus","0"
"KM874537.1","KM874537.1","58321","Alburnoides bipunctatus","0"
"KM874555.1","KM874555.1","58321","Alburnoides bipunctatus","0"
"KJ564238.1","KJ564238.1","7936","Anguilla anguilla","0"
"KM874557.1","KM874557.1","58321","Alburnoides bipunctatus","0"
"KJ564232.1","KJ564232.1","7936","Anguilla anguilla","0"
"NC_020356.1","NC_020356.1","38527","Abramis brama","0"
"KM874549.1","KM874549.1","58321","Alburnoides bipunctatus","0"
"EF427617.1","EF427617.1","7936","Anguilla anguilla","0"
"HM173109.1","HM173109.1","58321","Alburnoides bipunctatus","0"
"KM874533.1","KM874533.1","58321","Alburnoides bipunctatus","0"
"KM874521.1","KM874521.1","58321","Alburnoides bipunctatus","0"
"HM173111.1","HM173111.1","58321","Alburnoides bipunctatus","0"
"HM173103.1","HM173103.1","58321","Alburnoides bipunctatus","0"
"KM874523.1","KM874523.1","58321","Alburnoides bipunctatus","0"
"HM173125.1","HM173125.1","58321","Alburnoides bipunctatus","0"
"HM173105.1","HM173105.1","58321","Alburnoides bipunctatus","0"
"HM173123.1","HM173123.1","58321","Alburnoides bipunctatus","0"
"KM874527.1","KM874527.1","58321","Alburnoides bipunctatus","0"
"EU552574.1","EU552574.1","278165","Alosa fallax","0"
"EU223996.1","EU223996.1","7936","Anguilla anguilla","0"
"HM173129.1","HM173129.1","58321","Alburnoides bipunctatus","0"
"AJ555548.1","AJ555548.1","38527","Abramis brama","0"
"HG794920.1","HG794920.1","7936","Anguilla anguilla","0"
"HM173133.1","HM173133.1","58321","Alburnoides bipunctatus","0"
"KM874639.1","KM874639.1","58321","Alburnoides bipunctatus","0"
"KM874608.1","KM874608.1","58321","Alburnoides bipunctatus","0"
"AF006714.1","AF006714.1","7936","Anguilla anguilla","0"
"KJ564253.1","KJ564253.1","7936","Anguilla anguilla","0"
"KJ564251.1","KJ564251.1","7936","Anguilla anguilla","0"
"KC894466.1","KC894466.1","38527","Abramis brama","0"
"KJ564257.1","KJ564257.1","7936","Anguilla anguilla","0"
"AY115977.1","AY115977.1","109273","Ambloplites rupestris","0"
"KJ564243.1","KJ564243.1","7936","Anguilla anguilla","0"
"KJ564255.1","KJ564255.1","7936","Anguilla anguilla","0"
"KJ564245.1","KJ564245.1","7936","Anguilla anguilla","0"
"NC_008659.1","NC_008659.1","54556","Alburnus alburnus","0"
"KJ564247.1","KJ564247.1","7936","Anguilla anguilla","0"
"KJ564231.1","KJ564231.1","7936","Anguilla anguilla","0"
"KM874609.1","KM874609.1","58321","Alburnoides bipunctatus","0"
"HG794910.1","HG794910.1","7936","Anguilla anguilla","0"
"KM874562.1","KM874562.1","58321","Alburnoides bipunctatus","0"
"KM874564.1","KM874564.1","58321","Alburnoides bipunctatus","0"
"HG794918.1","HG794918.1","7936","Anguilla anguilla","0"
"EU492327.1","EU492327.1","7936","Anguilla anguilla","0"
"KJ564235.1","KJ564235.1","7936","Anguilla anguilla","0"
"KJ564261.1","KJ564261.1","7936","Anguilla anguilla","0"
"KM874615.1","KM874615.1","58321","Alburnoides bipunctatus","0"
"KM874566.1","KM874566.1","58321","Alburnoides bipunctatus","0"
"KJ564237.1","KJ564237.1","7936","Anguilla anguilla","0"
"KM874613.1","KM874613.1","58321","Alburnoides bipunctatus","0"
"KM874568.1","KM874568.1","58321","Alburnoides bipunctatus","0"
"KM874546.1","KM874546.1","58321","Alburnoides bipunctatus","0"
"KM874544.1","KM874544.1","58321","Alburnoides bipunctatus","0"
"HG794914.1","HG794914.1","7936","Anguilla anguilla","0"
"KM874611.1","KM874611.1","58321","Alburnoides bipunctatus","0"
"KJ564223.1","KJ564223.1","7936","Anguilla anguilla","0"
"KM874542.1","KM874542.1","58321","Alburnoides bipunctatus","0"
"HM560062.1","HM560062.1","54556","Alburnus alburnus","0"
"HM560060.1","HM560060.1","54556","Alburnus alburnus","0"
"KJ564266.1","KJ564266.1","7936","Anguilla anguilla","0"
"HM560059.1","HM560059.1","58321","Alburnoides bipunctatus","0"
"KM874570.1","KM874570.1","58321","Alburnoides bipunctatus","0"
"KM874540.1","KM874540.1","58321","Alburnoides bipunctatus","0"
"KM874526.1","KM874526.1","58321","Alburnoides bipunctatus","0"
"KM874607.1","KM874607.1","58321","Alburnoides bipunctatus","0"
"KM874528.1","KM874528.1","58321","Alburnoides bipunctatus","0"
"KM874550.1","KM874550.1","58321","Alburnoides bipunctatus","0"
"KJ564264.1","KJ564264.1","7936","Anguilla anguilla","0"
"KJ564239.1","KJ564239.1","7936","Anguilla anguilla","0"
"HM173114.1","HM173114.1","58321","Alburnoides bipunctatus","0"
"KM874558.1","KM874558.1","58321","Alburnoides bipunctatus","0"
"EU552575.1","EU552575.1","278165","Alosa fallax","0"
"EF427618.1","EF427618.1","7936","Anguilla anguilla","0"
"KM874524.1","KM874524.1","58321","Alburnoides bipunctatus","0"
"KJ564229.1","KJ564229.1","7936","Anguilla anguilla","0"
"KM874531.1","KM874531.1","58321","Alburnoides bipunctatus","0"
"DQ451325.1","DQ451325.1","109273","Ambloplites rupestris","0"
"KM874548.1","KM874548.1","58321","Alburnoides bipunctatus","0"
"KF552103.1","KF552103.1","38527","Abramis brama","0"
"HM560075.1","HM560075.1","98928","Aspius aspius","0"
"KJ564225.1","KJ564225.1","7936","Anguilla anguilla","0"
"KM874536.1","KM874536.1","58321","Alburnoides bipunctatus","0"
"AY184257.1","AY184257.1","27778","Ameiurus nebulosus","0"
"HM173115.1","HM173115.1","58321","Alburnoides bipunctatus","0"
"KM874525.1","KM874525.1","58321","Alburnoides bipunctatus","0"
"KJ564262.1","KJ564262.1","7936","Anguilla anguilla","0"
"AY184263.1","AY184263.1","219545","Ameiurus melas","0"
"KJ564219.1","KJ564219.1","7936","Anguilla anguilla","0"
"AY184271.1","AY184271.1","27778","Ameiurus nebulosus","0"
"KM874522.1","KM874522.1","58321","Alburnoides bipunctatus","0"
"KR025549.1","KR025549.1","98928","Aspius aspius","0"
"KM874538.1","KM874538.1","58321","Alburnoides bipunctatus","0"
"KM874554.1","KM874554.1","58321","Alburnoides bipunctatus","0"
"HM173134.1","HM173134.1","58321","Alburnoides bipunctatus","0"
"KM874556.1","KM874556.1","58321","Alburnoides bipunctatus","0"
"HM173136.1","HM173136.1","58321","Alburnoides bipunctatus","0"
"EU223995.1","EU223995.1","278165","Alosa fallax","0"
"KM874616.1","KM874616.1","58321","Alburnoides bipunctatus","0"
"DQ350254.1","DQ350254.1","54556","Alburnus alburnus","0"
"EU223997.1","EU223997.1","7936","Anguilla anguilla","0"
"KC465920.1","KC465920.1","40830","Barbus barbus","0"
"JN983691.1","JN983691.1","40830","Barbus barbus","0"
"KC465919.1","KC465919.1","40830","Barbus barbus","0"
"AY331019.1","AY331019.1","40830","Barbus barbus","0"
"JN983687.1","JN983687.1","40830","Barbus barbus","0"
"KC465921.1","KC465921.1","40830","Barbus barbus","0"
"AY331018.1","AY331018.1","40830","Barbus barbus","0"
"JN983690.1","JN983690.1","40830","Barbus barbus","0"
"JN983686.1","JN983686.1","40830","Barbus barbus","0"
"KP738604.1","KP738604.1","135647","Barbatula barbatula","0"
"AY013488.1","AY013488.1","40830","Barbus barbus","0"
"NC_020355.1","NC_020355.1","58317","Blicca bjoerkna","0"
"AY331020.1","AY331020.1","40830","Barbus barbus","0"
"JN983688.1","JN983688.1","40830","Barbus barbus","0"
"KC465927.1","KC465927.1","40830","Barbus barbus","0"
"HM560077.1","HM560077.1","58317","Blicca bjoerkna","0"
"AY281267.1","AY281267.1","135647","Barbatula barbatula","0"
"KC465923.1","KC465923.1","40830","Barbus barbus","0"
"KC465926.1","KC465926.1","40830","Barbus barbus","0"
"JN983689.1","JN983689.1","40830","Barbus barbus","0"
"HM560076.1","HM560076.1","58317","Blicca bjoerkna","0"
"KC465925.1","KC465925.1","40830","Barbus barbus","0"
"KC465924.1","KC465924.1","40830","Barbus barbus","0"
"AY331021.1","AY331021.1","40830","Barbus barbus","0"
"AF112408.1","AF112408.1","40830","Barbus barbus","0"
"JN983681.1","JN983681.1","40830","Barbus barbus","0"
"KP715096.1","KP715096.1","135647","Barbatula barbatula","0"
"AF112123.1","AF112123.1","40830","Barbus barbus","0"
"JN983682.1","JN983682.1","40830","Barbus barbus","0"
"AY331017.1","AY331017.1","40830","Barbus barbus","0"
"AY331022.1","AY331022.1","40830","Barbus barbus","0"
"KC465918.1","KC465918.1","40830","Barbus barbus","0"
"JN983683.1","JN983683.1","40830","Barbus barbus","0"
"AY331023.1","AY331023.1","40830","Barbus barbus","0"
"AF397298.1","AF397298.1","40830","Barbus barbus","0"
"KP738605.1","KP738605.1","135647","Barbatula barbatula","0"
"AY013487.1","AY013487.1","40830","Barbus barbus","0"
"JN983692.1","JN983692.1","40830","Barbus barbus","0"
"AY013486.1","AY013486.1","40830","Barbus barbus","0"
"AY013485.1","AY013485.1","40830","Barbus barbus","0"
"KC465922.1","KC465922.1","40830","Barbus barbus","0"
"JN983684.1","JN983684.1","40830","Barbus barbus","0"
"AY013484.1","AY013484.1","40830","Barbus barbus","0"
"DQ105254.1","DQ105254.1","135647","Barbatula barbatula","0"
"JN983685.1","JN983685.1","40830","Barbus barbus","0"
"AY331024.1","AY331024.1","40830","Barbus barbus","0"
"AB100917.1","AB100917.1","135647","Barbatula barbatula","0"
"JN105352.1","JN105352.1","7962","Cyprinus carpio","0"
"EU528843.1","EU528843.1","7957","Carassius auratus","0"
"JQ661392.1","JQ661392.1","59291","Coregonus lavaretus","0"
"KJ735894.1","KJ735894.1","7957","Carassius auratus","0"
"GU135599.1","GU135599.1","7957","Carassius auratus","0"
"EF363361.1","EF363361.1","52619","Chondrostoma nasus","0"
"LC097927.1","LC097927.1","7957","Carassius auratus","0"
"HQ689888.1","HQ689888.1","7957","Carassius auratus","0"
"JN412537.1","JN412537.1","217509","Carassius carassius","0"
"LC097915.1","LC097915.1","7957","Carassius auratus","0"
"GU135589.1","GU135589.1","7957","Carassius auratus","0"
"JN412535.1","JN412535.1","217509","Carassius carassius","0"
"AB852600.1","AB852600.1","7957","Carassius auratus","0"
"LC097917.1","LC097917.1","7957","Carassius auratus","0"
"JQ661453.1","JQ661453.1","59291","Coregonus lavaretus","0"
"AB852602.1","AB852602.1","7957","Carassius auratus","0"
"JN412533.1","JN412533.1","217509","Carassius carassius","0"
"JX960783.1","JX960783.1","59291","Coregonus lavaretus","0"
"KJ735900.1","KJ735900.1","7957","Carassius auratus","0"
"JQ661470.1","JQ661470.1","59291","Coregonus lavaretus","0"
"GU135601.1","GU135601.1","7957","Carassius auratus","0"
"JN412521.1","JN412521.1","7957","Carassius auratus","0"
"AB368679.1","AB368679.1","7957","Carassius auratus","0"
"JN412549.1","JN412549.1","217509","Carassius carassius","0"
"JQ652366.1","JQ652366.1","52619","Chondrostoma nasus","0"
"GU135567.1","GU135567.1","7957","Carassius auratus","0"
"JQ661419.1","JQ661419.1","59291","Coregonus lavaretus","0"
"GU135583.1","GU135583.1","7957","Carassius auratus","0"
"JN412519.1","JN412519.1","7957","Carassius auratus","0"
"KJ735898.1","KJ735898.1","7957","Carassius auratus","0"
"AB368704.1","AB368704.1","7957","Carassius auratus","0"
"GU135522.1","GU135522.1","7957","Carassius auratus","0"
"GU991400.1","GU991400.1","217509","Carassius carassius","0"
"JQ661445.1","JQ661445.1","59291","Coregonus lavaretus","0"
"JN412509.1","JN412509.1","7957","Carassius auratus","0"
"JQ661382.1","JQ661382.1","59291","Coregonus lavaretus","0"
"LC097478.1","LC097478.1","7957","Carassius auratus","0"
"Z75109.1","Z75109.1","52619","Chondrostoma nasus","0"
"GU135545.1","GU135545.1","7957","Carassius auratus","0"
"JN412539.1","JN412539.1","217509","Carassius carassius","0"
"GU135556.1","GU135556.1","7957","Carassius auratus","0"
"AB368700.1","AB368700.1","7957","Carassius auratus","0"
"GU135541.1","GU135541.1","7957","Carassius auratus","0"
"GU135526.1","GU135526.1","7957","Carassius auratus","0"
"GU135558.1","GU135558.1","7957","Carassius auratus","0"
"DQ868908.1","DQ868908.1","7957","Carassius auratus","0"
"KC238569.1","KC238569.1","217509","Carassius carassius","0"
"KJ735904.1","KJ735904.1","7957","Carassius auratus","0"
"AB368702.1","AB368702.1","7957","Carassius auratus","0"
"GU135524.1","GU135524.1","7957","Carassius auratus","0"
"AJ617497.1","AJ617497.1","59291","Coregonus lavaretus","0"
"HM000036.1","HM000036.1","7957","Carassius auratus","0"
"GU135504.1","GU135504.1","7957","Carassius auratus","0"
"LC097470.1","LC097470.1","7957","Carassius auratus","0"
"KP993137.1","KP993137.1","7962","Cyprinus carpio","0"
"AB158806.1","AB158806.1","7962","Cyprinus carpio","0"
"LC097475.1","LC097475.1","7957","Carassius auratus","0"
"JN412540.1","JN412540.1","217509","Carassius carassius","0"
"HQ689877.1","HQ689877.1","7957","Carassius auratus","0"
"JN412511.1","JN412511.1","7957","Carassius auratus","0"
"HQ689887.1","HQ689887.1","7957","Carassius auratus","0"
"AB158804.1","AB158804.1","7962","Cyprinus carpio","0"
"DQ399923.1","DQ399923.1","7957","Carassius auratus","0"
"GU991395.1","GU991395.1","7957","Carassius auratus","0"
"GU086396.1","GU086396.1","7957","Carassius auratus","0"
"FJ169953.1","FJ169953.1","7957","Carassius auratus","0"
"AB368677.1","AB368677.1","7957","Carassius auratus","0"
"HQ689883.1","HQ689883.1","7957","Carassius auratus","0"
"EF363346.1","EF363346.1","52619","Chondrostoma nasus","0"
"GU135547.1","GU135547.1","7957","Carassius auratus","0"
"AY191565.1","AY191565.1","98395","Cobitis taenia","0"
"KP993139.1","KP993139.1","7962","Cyprinus carpio","0"
"EF363340.1","EF363340.1","52619","Chondrostoma nasus","0"
"KJ735889.1","KJ735889.1","7957","Carassius auratus","0"
"EF363338.1","EF363338.1","52619","Chondrostoma nasus","0"
"AJ617499.1","AJ617499.1","59291","Coregonus lavaretus","0"
"GU135508.1","GU135508.1","7957","Carassius auratus","0"
"AB368708.1","AB368708.1","7957","Carassius auratus","0"
"HQ689865.1","HQ689865.1","7957","Carassius auratus","0"
"AB368710.1","AB368710.1","7957","Carassius auratus","0"
"HQ689863.1","HQ689863.1","7957","Carassius auratus","0"
"KF856965.1","KF856965.1","7962","Cyprinus carpio","0"
"JX960773.1","JX960773.1","27773","Coregonus autumnalis","0"
"EF363342.1","EF363342.1","52619","Chondrostoma nasus","0"
"HQ689861.1","HQ689861.1","7957","Carassius auratus","0"
"HQ689878.1","HQ689878.1","7957","Carassius auratus","0"
"GU135512.1","GU135512.1","7957","Carassius auratus","0"
"EF363360.1","EF363360.1","52619","Chondrostoma nasus","0"
"LC097924.1","LC097924.1","7957","Carassius auratus","0"
"JX402894.1","JX402894.1","98395","Cobitis taenia","0"
"EF363368.1","EF363368.1","52619","Chondrostoma nasus","0"
"AF045966.1","AF045966.1","7957","Carassius auratus","0"
"GU135514.1","GU135514.1","7957","Carassius auratus","0"
"AB368706.1","AB368706.1","7957","Carassius auratus","0"
"FJ169954.1","FJ169954.1","7957","Carassius auratus","0"
"HQ689869.1","HQ689869.1","7957","Carassius auratus","0"
"JQ661457.1","JQ661457.1","59291","Coregonus lavaretus","0"
"EF363356.1","EF363356.1","52619","Chondrostoma nasus","0"
"HQ689872.1","HQ689872.1","7957","Carassius auratus","0"
"HQ689867.1","HQ689867.1","7957","Carassius auratus","0"
"AB368688.1","AB368688.1","7957","Carassius auratus","0"
"EF363354.1","EF363354.1","52619","Chondrostoma nasus","0"
"GU135510.1","GU135510.1","7957","Carassius auratus","0"
"HM008693.1","HM008693.1","7962","Cyprinus carpio","0"
"EF363352.1","EF363352.1","52619","Chondrostoma nasus","0"
"EF363362.1","EF363362.1","52619","Chondrostoma nasus","0"
"JQ661390.1","JQ661390.1","59291","Coregonus lavaretus","0"
"GU991387.1","GU991387.1","7957","Carassius auratus","0"
"EF363348.1","EF363348.1","52619","Chondrostoma nasus","0"
"JX402898.1","JX402898.1","98395","Cobitis taenia","0"
"DQ532107.1","DQ532107.1","7962","Cyprinus carpio","0"
"GQ231969.1","GQ231969.1","98395","Cobitis taenia","0"
"JX402896.1","JX402896.1","98395","Cobitis taenia","0"
"EF363344.1","EF363344.1","52619","Chondrostoma nasus","0"
"DQ532111.1","DQ532111.1","7962","Cyprinus carpio","0"
"DQ532101.1","DQ532101.1","7962","Cyprinus carpio","0"
"AB368680.1","AB368680.1","7957","Carassius auratus","0"
"JX183534.1","JX183534.1","7957","Carassius auratus","0"
"HM237999.1","HM237999.1","7959","Ctenopharyngodon idella","0"
"AB368682.1","AB368682.1","7957","Carassius auratus","0"
"AB852597.1","AB852597.1","7957","Carassius auratus","0"
"JQ661429.1","JQ661429.1","59291","Coregonus lavaretus","0"
"FJ478020.1","FJ478020.1","7962","Cyprinus carpio","0"
"GU135530.1","GU135530.1","7957","Carassius auratus","0"
"AB852591.1","AB852591.1","7957","Carassius auratus","0"
"AB368684.1","AB368684.1","7957","Carassius auratus","0"
"AB852593.1","AB852593.1","7957","Carassius auratus","0"
"EF055472.1","EF055472.1","7957","Carassius auratus","0"
"EF363366.1","EF363366.1","52619","Chondrostoma nasus","0"
"EF363364.1","EF363364.1","52619","Chondrostoma nasus","0"
"AB368694.1","AB368694.1","7957","Carassius auratus","0"
"AB852585.1","AB852585.1","7957","Carassius auratus","0"
"JX183536.1","JX183536.1","7957","Carassius auratus","0"
"GU135515.1","GU135515.1","7957","Carassius auratus","0"
"EU528846.1","EU528846.1","7957","Carassius auratus","0"
"AB852595.1","AB852595.1","7957","Carassius auratus","0"
"AF051858.1","AF051858.1","7957","Carassius auratus","0"
"AB368698.1","AB368698.1","7957","Carassius auratus","0"
"JX960774.1","JX960774.1","27773","Coregonus autumnalis","0"
"KJ735891.1","KJ735891.1","7957","Carassius auratus","0"
"LC097926.1","LC097926.1","7957","Carassius auratus","0"
"JQ661449.1","JQ661449.1","59291","Coregonus lavaretus","0"
"AB368692.1","AB368692.1","7957","Carassius auratus","0"
"DQ532109.1","DQ532109.1","7962","Cyprinus carpio","0"
"KR491681.1","KR491681.1","7957","Carassius auratus","0"
"AB368690.1","AB368690.1","7957","Carassius auratus","0"
"AB368696.1","AB368696.1","7957","Carassius auratus","0"
"KJ735893.1","KJ735893.1","7957","Carassius auratus","0"
"GU135605.1","GU135605.1","7957","Carassius auratus","0"
"JN673556.1","JN673556.1","7959","Ctenopharyngodon idella","0"
"AJ555550.1","AJ555550.1","7957","Carassius auratus","0"
"KF574485.1","KF574485.1","7962","Cyprinus carpio","0"
"KJ874428.1","KJ874428.1","7957","Carassius auratus","0"
"GU991385.1","GU991385.1","7957","Carassius auratus","0"
"JQ661395.1","JQ661395.1","59291","Coregonus lavaretus","0"
"JQ661383.1","JQ661383.1","59291","Coregonus lavaretus","0"
"KT894100.1","KT894100.1","7959","Ctenopharyngodon idella","0"
"JN412548.1","JN412548.1","217509","Carassius carassius","0"
"GU135564.1","GU135564.1","7957","Carassius auratus","0"
"EU528842.1","EU528842.1","7957","Carassius auratus","0"
"AB368705.1","AB368705.1","7957","Carassius auratus","0"
"JN105353.1","JN105353.1","7962","Cyprinus carpio","0"
"JN412508.1","JN412508.1","7957","Carassius auratus","0"
"AF051860.1","AF051860.1","7959","Ctenopharyngodon idella","0"
"AB111951.1","AB111951.1","7957","Carassius auratus","0"
"AJ617503.1","AJ617503.1","27773","Coregonus autumnalis","0"
"JN105357.1","JN105357.1","7962","Cyprinus carpio","0"
"HM008692.1","HM008692.1","7962","Cyprinus carpio","0"
"HQ443698.1","HQ443698.1","7957","Carassius auratus","0"
"LC097914.1","LC097914.1","7957","Carassius auratus","0"
"JQ661433.1","JQ661433.1","59291","Coregonus lavaretus","0"
"JN412536.1","JN412536.1","217509","Carassius carassius","0"
"GU135557.1","GU135557.1","7957","Carassius auratus","0"
"AB368701.1","AB368701.1","7957","Carassius auratus","0"
"LC097916.1","LC097916.1","7957","Carassius auratus","0"
"GU135542.1","GU135542.1","7957","Carassius auratus","0"
"GU135559.1","GU135559.1","7957","Carassius auratus","0"
"GU135568.1","GU135568.1","7957","Carassius auratus","0"
"AB368703.1","AB368703.1","7957","Carassius auratus","0"
"EU528844.1","EU528844.1","7957","Carassius auratus","0"
"JN412532.1","JN412532.1","7957","Carassius auratus","0"
"JN412528.1","JN412528.1","7957","Carassius auratus","0"
"HQ689884.1","HQ689884.1","7957","Carassius auratus","0"
"GU135600.1","GU135600.1","7957","Carassius auratus","0"
"HQ689886.1","HQ689886.1","7957","Carassius auratus","0"
"AB158807.1","AB158807.1","7962","Cyprinus carpio","0"
"GU135602.1","GU135602.1","217509","Carassius carassius","0"
"DQ868871.1","DQ868871.1","7962","Cyprinus carpio","0"
"GU135594.1","GU135594.1","7957","Carassius auratus","0"
"GU135511.1","GU135511.1","7957","Carassius auratus","0"
"GU135551.1","GU135551.1","7957","Carassius auratus","0"
"JN412514.1","JN412514.1","7957","Carassius auratus","0"
"GU135539.1","GU135539.1","7957","Carassius auratus","0"
"AB368678.1","AB368678.1","7957","Carassius auratus","0"
"AB158805.1","AB158805.1","7962","Cyprinus carpio","0"
"GU135553.1","GU135553.1","7957","Carassius auratus","0"
"HQ689880.1","HQ689880.1","7957","Carassius auratus","0"
"AJ617501.1","AJ617501.1","59291","Coregonus lavaretus","0"
"HQ689882.1","HQ689882.1","7957","Carassius auratus","0"
"GU135544.1","GU135544.1","7957","Carassius auratus","0"
"GU135555.1","GU135555.1","7957","Carassius auratus","0"
"AB158803.1","AB158803.1","7962","Cyprinus carpio","0"
"KP993138.1","KP993138.1","7962","Cyprinus carpio","0"
"AJ617498.1","AJ617498.1","59291","Coregonus lavaretus","0"
"AB368709.1","AB368709.1","7957","Carassius auratus","0"
"JQ661391.1","JQ661391.1","59291","Coregonus lavaretus","0"
"HQ689862.1","HQ689862.1","7957","Carassius auratus","0"
"HQ689879.1","HQ689879.1","7957","Carassius auratus","0"
"HQ689860.1","HQ689860.1","7957","Carassius auratus","0"
"HQ875340.1","HQ875340.1","7957","Carassius auratus","0"
"GU135513.1","GU135513.1","7957","Carassius auratus","0"
"KR003441.2","KR003441.2","98395","Cobitis taenia","0"
"DQ399930.1","DQ399930.1","7957","Carassius auratus","0"
"EF363339.1","EF363339.1","52619","Chondrostoma nasus","0"
"AB368707.1","AB368707.1","7957","Carassius auratus","0"
"HQ689871.1","HQ689871.1","7957","Carassius auratus","0"
"GU135505.1","GU135505.1","7957","Carassius auratus","0"
"HQ689858.1","HQ689858.1","7957","Carassius auratus","0"
"HQ689868.1","HQ689868.1","7957","Carassius auratus","0"
"HQ689873.1","HQ689873.1","7957","Carassius auratus","0"
"HQ689866.1","HQ689866.1","7957","Carassius auratus","0"
"LC097471.1","LC097471.1","7957","Carassius auratus","0"
"EF363355.1","EF363355.1","52619","Chondrostoma nasus","0"
"GU086397.1","GU086397.1","7957","Carassius auratus","0"
"HQ689875.1","HQ689875.1","7957","Carassius auratus","0"
"GU135503.1","GU135503.1","7957","Carassius auratus","0"
"EF363353.1","EF363353.1","52619","Chondrostoma nasus","0"
"GU991394.1","GU991394.1","7957","Carassius auratus","0"
"JX183535.1","JX183535.1","7957","Carassius auratus","0"
"GU991384.1","GU991384.1","7957","Carassius auratus","0"
"JX402899.1","JX402899.1","98395","Cobitis taenia","0"
"JF694778.1","JF694778.1","7957","Carassius auratus","0"
"JX402897.1","JX402897.1","98395","Cobitis taenia","0"
"EF363345.1","EF363345.1","52619","Chondrostoma nasus","0"
"AB900162.1","AB900162.1","7959","Ctenopharyngodon idella","0"
"LC097477.1","LC097477.1","7957","Carassius auratus","0"
"JX402895.1","JX402895.1","98395","Cobitis taenia","0"
"EF363347.1","EF363347.1","52619","Chondrostoma nasus","0"
"EF363351.1","EF363351.1","52619","Chondrostoma nasus","0"
"NC_001606.1","NC_001606.1","7962","Cyprinus carpio","0"
"EF363341.1","EF363341.1","52619","Chondrostoma nasus","0"
"FJ478021.2","FJ478021.2","7962","Cyprinus carpio","0"
"GU086395.1","GU086395.1","7957","Carassius auratus","0"
"DQ399938.1","DQ399938.1","217509","Carassius carassius","0"
"KJ735905.1","KJ735905.1","7957","Carassius auratus","0"
"AB852590.1","AB852590.1","7957","Carassius auratus","0"
"EF363343.1","EF363343.1","52619","Chondrostoma nasus","0"
"KF856964.1","KF856964.1","7962","Cyprinus carpio","0"
"DQ532100.1","DQ532100.1","7962","Cyprinus carpio","0"
"EF483931.1","EF483931.1","7957","Carassius auratus","0"
"GU991386.1","GU991386.1","7957","Carassius auratus","0"
"EF363363.1","EF363363.1","52619","Chondrostoma nasus","0"
"LC097925.1","LC097925.1","7957","Carassius auratus","0"
"AB852598.1","AB852598.1","7957","Carassius auratus","0"
"AB368695.1","AB368695.1","7957","Carassius auratus","0"
"HM238015.1","HM238015.1","7959","Ctenopharyngodon idella","0"
"DQ185412.1","DQ185412.1","59291","Coregonus lavaretus","0"
"EF363365.1","EF363365.1","52619","Chondrostoma nasus","0"
"GU135604.1","GU135604.1","7957","Carassius auratus","0"
"AB368699.1","AB368699.1","7957","Carassius auratus","0"
"KF147851.1","KF147851.1","7957","Carassius auratus","0"
"EF363359.1","EF363359.1","52619","Chondrostoma nasus","0"
"AB852594.1","AB852594.1","7957","Carassius auratus","0"
"AB368687.1","AB368687.1","7957","Carassius auratus","0"
"AB852596.1","AB852596.1","7957","Carassius auratus","0"
"AB368689.1","AB368689.1","7957","Carassius auratus","0"
"LC097923.1","LC097923.1","7957","Carassius auratus","0"
"EF363358.1","EF363358.1","52619","Chondrostoma nasus","0"
"EF363349.1","EF363349.1","52619","Chondrostoma nasus","0"
"AB368693.1","AB368693.1","7957","Carassius auratus","0"
"GU991382.1","GU991382.1","7957","Carassius auratus","0"
"DQ868914.1","DQ868914.1","7957","Carassius auratus","0"
"KJ735888.1","KJ735888.1","7957","Carassius auratus","0"
"AB368691.1","AB368691.1","7957","Carassius auratus","0"
"AB852584.1","AB852584.1","7957","Carassius auratus","0"
"DQ532108.1","DQ532108.1","7962","Cyprinus carpio","0"
"FJ478013.1","FJ478013.1","217509","Carassius carassius","0"
"AB368697.1","AB368697.1","7957","Carassius auratus","0"
"EU528847.1","EU528847.1","7957","Carassius auratus","0"
"KJ735886.1","KJ735886.1","7957","Carassius auratus","0"
"AB368681.1","AB368681.1","7957","Carassius auratus","0"
"AY116366.1","AY116366.1","100952","Cottus gobio","0"
"AB368683.1","AB368683.1","7957","Carassius auratus","0"
"AB368685.1","AB368685.1","7957","Carassius auratus","0"
"AF420424.1","AF420424.1","7959","Ctenopharyngodon idella","0"
"AB368686.1","AB368686.1","7957","Carassius auratus","0"
"EF363367.1","EF363367.1","52619","Chondrostoma nasus","0"
"HQ443697.1","HQ443697.1","7962","Cyprinus carpio","0"
"AB852588.1","AB852588.1","7957","Carassius auratus","0"
"GU135548.1","GU135548.1","7957","Carassius auratus","0"
"JX960769.1","JX960769.1","36180","Coregonus albula","0"
"AB852586.1","AB852586.1","7957","Carassius auratus","0"
"HM592130.1","HM592130.1","8010","Esox lucius","0"
"JN190483.1","JN190483.1","8010","Esox lucius","0"
"KM281464.1","KM281464.1","8010","Esox lucius","0"
"KM281476.1","KM281476.1","8010","Esox lucius","0"
"KM281478.1","KM281478.1","8010","Esox lucius","0"
"KM281473.1","KM281473.1","8010","Esox lucius","0"
"JN190480.1","JN190480.1","8010","Esox lucius","0"
"KM281460.1","KM281460.1","8010","Esox lucius","0"
"JN190468.1","JN190468.1","8010","Esox lucius","0"
"KT630745.1","KT630745.1","8010","Esox lucius","0"
"KT156738.1","KT156738.1","8010","Esox lucius","0"
"DQ447326.1","DQ447326.1","8010","Esox lucius","0"
"KT156744.1","KT156744.1","8010","Esox lucius","0"
"KM281467.1","KM281467.1","8010","Esox lucius","0"
"KM281468.1","KM281468.1","8010","Esox lucius","0"
"JN190466.1","JN190466.1","8010","Esox lucius","0"
"KT203379.1","KT203379.1","8010","Esox lucius","0"
"KT124232.1","KT124232.1","8010","Esox lucius","0"
"AY497445.1","AY497445.1","8010","Esox lucius","0"
"HM592128.1","HM592128.1","8010","Esox lucius","0"
"HM592136.1","HM592136.1","8010","Esox lucius","0"
"HM592101.1","HM592101.1","8010","Esox lucius","0"
"JN190475.1","JN190475.1","8010","Esox lucius","0"
"KT156749.1","KT156749.1","8010","Esox lucius","0"
"JN190462.1","JN190462.1","8010","Esox lucius","0"
"HM592087.1","HM592087.1","8010","Esox lucius","0"
"KM281474.1","KM281474.1","8010","Esox lucius","0"
"JN190473.1","JN190473.1","8010","Esox lucius","0"
"JN190469.1","JN190469.1","8010","Esox lucius","0"
"KM281466.1","KM281466.1","8010","Esox lucius","0"
"HM177470.1","HM177470.1","8010","Esox lucius","0"
"KT156745.1","KT156745.1","8010","Esox lucius","0"
"DQ447334.1","DQ447334.1","8010","Esox lucius","0"
"KU659805.1","KU659805.1","8010","Esox lucius","0"
"JN190479.1","JN190479.1","8010","Esox lucius","0"
"HM592093.1","HM592093.1","8010","Esox lucius","0"
"KT156746.1","KT156746.1","8010","Esox lucius","0"
"JN190467.1","JN190467.1","8010","Esox lucius","0"
"KT203378.1","KT203378.1","8010","Esox lucius","0"
"KM281465.1","KM281465.1","8010","Esox lucius","0"
"JN190461.1","JN190461.1","8010","Esox lucius","0"
"KT203376.1","KT203376.1","8010","Esox lucius","0"
"HM592230.1","HM592230.1","8010","Esox lucius","0"
"AY497446.1","AY497446.1","8010","Esox lucius","0"
"JN190478.1","JN190478.1","8010","Esox lucius","0"
"KM281461.1","KM281461.1","8010","Esox lucius","0"
"HM592134.1","HM592134.1","8010","Esox lucius","0"
"KT156736.1","KT156736.1","8010","Esox lucius","0"
"JN190474.1","JN190474.1","8010","Esox lucius","0"
"HM592254.1","HM592254.1","8010","Esox lucius","0"
"AY497452.1","AY497452.1","8010","Esox lucius","0"
"AY497451.1","AY497451.1","8010","Esox lucius","0"
"JN190459.1","JN190459.1","8010","Esox lucius","0"
"KM281459.1","KM281459.1","8010","Esox lucius","0"
"KT156742.1","KT156742.1","8010","Esox lucius","0"
"HM592193.1","HM592193.1","8010","Esox lucius","0"
"HM592073.1","HM592073.1","8010","Esox lucius","0"
"AY497453.1","AY497453.1","8010","Esox lucius","0"
"KT156740.1","KT156740.1","8010","Esox lucius","0"
"KT124235.1","KT124235.1","8010","Esox lucius","0"
"KT156747.1","KT156747.1","8010","Esox lucius","0"
"KM281475.1","KM281475.1","8010","Esox lucius","0"
"JN190470.1","JN190470.1","8010","Esox lucius","0"
"KM281463.1","KM281463.1","8010","Esox lucius","0"
"HM592187.1","HM592187.1","8010","Esox lucius","0"
"KT156737.1","KT156737.1","8010","Esox lucius","0"
"KM281456.1","KM281456.1","8010","Esox lucius","0"
"KM281458.1","KM281458.1","8010","Esox lucius","0"
"AY497447.1","AY497447.1","8010","Esox lucius","0"
"KT203377.1","KT203377.1","8010","Esox lucius","0"
"JN190458.1","JN190458.1","8010","Esox lucius","0"
"KM281457.1","KM281457.1","8010","Esox lucius","0"
"KT156743.1","KT156743.1","8010","Esox lucius","0"
"KM281472.1","KM281472.1","8010","Esox lucius","0"
"KT156741.1","KT156741.1","8010","Esox lucius","0"
"KT156739.1","KT156739.1","8010","Esox lucius","0"
"KT156748.1","KT156748.1","8010","Esox lucius","0"
"KR053408.1","KR053408.1","8010","Esox lucius","0"
"HM592185.1","HM592185.1","8010","Esox lucius","0"
"KM281462.1","KM281462.1","8010","Esox lucius","0"
"AY426582.1","AY426582.1","27704","Gobio gobio","0"
"AB094623.1","AB094623.1","69293","Gasterosteus aculeatus","0"
"AY426580.1","AY426580.1","27704","Gobio gobio","0"
"AY426586.1","AY426586.1","27704","Gobio gobio","0"
"KM508792.1","KM508792.1","69293","Gasterosteus aculeatus","0"
"AB094613.1","AB094613.1","69293","Gasterosteus aculeatus","0"
"EF525445.1","EF525445.1","69293","Gasterosteus aculeatus","0"
"AB094615.1","AB094615.1","69293","Gasterosteus aculeatus","0"
"AB094617.1","AB094617.1","69293","Gasterosteus aculeatus","0"
"AB094625.1","AB094625.1","69293","Gasterosteus aculeatus","0"
"EF525452.1","EF525452.1","69293","Gasterosteus aculeatus","0"
"AB094627.1","AB094627.1","69293","Gasterosteus aculeatus","0"
"AB094621.1","AB094621.1","69293","Gasterosteus aculeatus","0"
"AB094611.1","AB094611.1","69293","Gasterosteus aculeatus","0"
"EF525421.1","EF525421.1","69293","Gasterosteus aculeatus","0"
"AY787224.1","AY787224.1","69293","Gasterosteus aculeatus","0"
"KC819833.1","KC819833.1","57865","Gymnocephalus cernua","0"
"AB094619.1","AB094619.1","69293","Gasterosteus aculeatus","0"
"AB094607.1","AB094607.1","69293","Gasterosteus aculeatus","0"
"EF525425.1","EF525425.1","69293","Gasterosteus aculeatus","0"
"EF525405.1","EF525405.1","69293","Gasterosteus aculeatus","0"
"AB094609.1","AB094609.1","69293","Gasterosteus aculeatus","0"
"AY426578.1","AY426578.1","27704","Gobio gobio","0"
"EF525391.1","EF525391.1","69293","Gasterosteus aculeatus","0"
"EF525401.1","EF525401.1","69293","Gasterosteus aculeatus","0"
"KC478210.1","KC478210.1","69293","Gasterosteus aculeatus","0"
"EF525447.1","EF525447.1","69293","Gasterosteus aculeatus","0"
"KC478258.1","KC478258.1","69293","Gasterosteus aculeatus","0"
"EF525411.1","EF525411.1","69293","Gasterosteus aculeatus","0"
"EF525407.1","EF525407.1","69293","Gasterosteus aculeatus","0"
"EF525443.1","EF525443.1","69293","Gasterosteus aculeatus","0"
"EF525409.1","EF525409.1","69293","Gasterosteus aculeatus","0"
"KC478214.1","KC478214.1","69293","Gasterosteus aculeatus","0"
"EF525413.1","EF525413.1","69293","Gasterosteus aculeatus","0"
"EF525395.1","EF525395.1","69293","Gasterosteus aculeatus","0"
"EF525457.1","EF525457.1","69293","Gasterosteus aculeatus","0"
"EF525415.1","EF525415.1","69293","Gasterosteus aculeatus","0"
"EF525431.1","EF525431.1","69293","Gasterosteus aculeatus","0"
"AY426572.1","AY426572.1","27704","Gobio gobio","0"
"EF525467.1","EF525467.1","69293","Gasterosteus aculeatus","0"
"KC478222.1","KC478222.1","69293","Gasterosteus aculeatus","0"
"KC478252.1","KC478252.1","69293","Gasterosteus aculeatus","0"
"KM508784.1","KM508784.1","69293","Gasterosteus aculeatus","0"
"KC478224.1","KC478224.1","69293","Gasterosteus aculeatus","0"
"AY426570.1","AY426570.1","27704","Gobio gobio","0"
"KC478276.1","KC478276.1","69293","Gasterosteus aculeatus","0"
"EF525453.1","EF525453.1","69293","Gasterosteus aculeatus","0"
"KC478254.1","KC478254.1","69293","Gasterosteus aculeatus","0"
"EF525437.1","EF525437.1","69293","Gasterosteus aculeatus","0"
"KC478274.1","KC478274.1","69293","Gasterosteus aculeatus","0"
"EF525469.1","EF525469.1","69293","Gasterosteus aculeatus","0"
"KC478278.1","KC478278.1","69293","Gasterosteus aculeatus","0"
"KC478226.1","KC478226.1","69293","Gasterosteus aculeatus","0"
"KC478202.1","KC478202.1","69293","Gasterosteus aculeatus","0"
"KM508785.1","KM508785.1","69293","Gasterosteus aculeatus","0"
"KC478228.1","KC478228.1","69293","Gasterosteus aculeatus","0"
"EF525435.1","EF525435.1","69293","Gasterosteus aculeatus","0"
"EF525433.1","EF525433.1","69293","Gasterosteus aculeatus","0"
"EF525465.1","EF525465.1","69293","Gasterosteus aculeatus","0"
"KC478244.1","KC478244.1","69293","Gasterosteus aculeatus","0"
"KC478242.1","KC478242.1","69293","Gasterosteus aculeatus","0"
"KC478272.1","KC478272.1","69293","Gasterosteus aculeatus","0"
"KC478188.1","KC478188.1","69293","Gasterosteus aculeatus","0"
"KJ628012.1","KJ628012.1","69293","Gasterosteus aculeatus","0"
"KC478240.1","KC478240.1","69293","Gasterosteus aculeatus","0"
"AY426564.1","AY426564.1","27704","Gobio gobio","0"
"KC478266.1","KC478266.1","69293","Gasterosteus aculeatus","0"
"KC478260.1","KC478260.1","69293","Gasterosteus aculeatus","0"
"KC478236.1","KC478236.1","69293","Gasterosteus aculeatus","0"
"AF356079.1","AF356079.1","69293","Gasterosteus aculeatus","0"
"KC478176.1","KC478176.1","69293","Gasterosteus aculeatus","0"
"AB678418.1","AB678418.1","69293","Gasterosteus aculeatus","0"
"EF525461.1","EF525461.1","69293","Gasterosteus aculeatus","0"
"AY426566.1","AY426566.1","27704","Gobio gobio","0"
"EF525463.1","EF525463.1","69293","Gasterosteus aculeatus","0"
"KC478268.1","KC478268.1","69293","Gasterosteus aculeatus","0"
"AY426562.1","AY426562.1","27704","Gobio gobio","0"
"AY116004.1","AY116004.1","69293","Gasterosteus aculeatus","0"
"EF525475.1","EF525475.1","69293","Gasterosteus aculeatus","0"
"AY426585.1","AY426585.1","27704","Gobio gobio","0"
"KC478234.1","KC478234.1","69293","Gasterosteus aculeatus","0"
"EF525446.1","EF525446.1","69293","Gasterosteus aculeatus","0"
"AY426589.1","AY426589.1","27704","Gobio gobio","0"
"KC478198.1","KC478198.1","69293","Gasterosteus aculeatus","0"
"AB678416.1","AB678416.1","69293","Gasterosteus aculeatus","0"
"KC478184.1","KC478184.1","69293","Gasterosteus aculeatus","0"
"AB678414.1","AB678414.1","69293","Gasterosteus aculeatus","0"
"KC478186.1","KC478186.1","69293","Gasterosteus aculeatus","0"
"AB678412.1","AB678412.1","69293","Gasterosteus aculeatus","0"
"EF525471.1","EF525471.1","69293","Gasterosteus aculeatus","0"
"AF045996.1","AF045996.1","27704","Gobio gobio","0"
"AB094622.1","AB094622.1","69293","Gasterosteus aculeatus","0"
"AY426587.1","AY426587.1","27704","Gobio gobio","0"
"AY426591.1","AY426591.1","27704","Gobio gobio","0"
"KU761854.1","KU761854.1","69293","Gasterosteus aculeatus","0"
"AB094624.1","AB094624.1","69293","Gasterosteus aculeatus","0"
"KC478196.1","KC478196.1","69293","Gasterosteus aculeatus","0"
"KM508783.1","KM508783.1","69293","Gasterosteus aculeatus","0"
"AB094626.1","AB094626.1","69293","Gasterosteus aculeatus","0"
"KC478194.1","KC478194.1","69293","Gasterosteus aculeatus","0"
"AB094620.1","AB094620.1","69293","Gasterosteus aculeatus","0"
"AB094606.1","AB094606.1","69293","Gasterosteus aculeatus","0"
"AY426576.1","AY426576.1","27704","Gobio gobio","0"
"HM560092.1","HM560092.1","27704","Gobio gobio","0"
"AB094608.1","AB094608.1","69293","Gasterosteus aculeatus","0"
"AB094612.1","AB094612.1","69293","Gasterosteus aculeatus","0"
"EF525410.1","EF525410.1","69293","Gasterosteus aculeatus","0"
"AY426574.1","AY426574.1","27704","Gobio gobio","0"
"AB094614.1","AB094614.1","69293","Gasterosteus aculeatus","0"
"EF525412.1","EF525412.1","69293","Gasterosteus aculeatus","0"
"EF525440.1","EF525440.1","69293","Gasterosteus aculeatus","0"
"AY426569.1","AY426569.1","27704","Gobio gobio","0"
"AB094616.1","AB094616.1","69293","Gasterosteus aculeatus","0"
"KC478219.1","KC478219.1","69293","Gasterosteus aculeatus","0"
"AB094610.1","AB094610.1","69293","Gasterosteus aculeatus","0"
"EF525414.1","EF525414.1","69293","Gasterosteus aculeatus","0"
"EF525450.1","EF525450.1","69293","Gasterosteus aculeatus","0"
"EF525428.1","EF525428.1","69293","Gasterosteus aculeatus","0"
"EF525423.1","EF525423.1","69293","Gasterosteus aculeatus","0"
"EF525420.1","EF525420.1","69293","Gasterosteus aculeatus","0"
"EF525438.1","EF525438.1","69293","Gasterosteus aculeatus","0"
"AB094618.1","AB094618.1","69293","Gasterosteus aculeatus","0"
"EF525436.1","EF525436.1","69293","Gasterosteus aculeatus","0"
"NC_008662.1","NC_008662.1","27704","Gobio gobio","0"
"EF525424.1","EF525424.1","69293","Gasterosteus aculeatus","0"
"EF525434.1","EF525434.1","69293","Gasterosteus aculeatus","0"
"KC478203.1","KC478203.1","69293","Gasterosteus aculeatus","0"
"KC478201.1","KC478201.1","69293","Gasterosteus aculeatus","0"
"EF525426.1","EF525426.1","69293","Gasterosteus aculeatus","0"
"EF525432.1","EF525432.1","69293","Gasterosteus aculeatus","0"
"KC478249.1","KC478249.1","69293","Gasterosteus aculeatus","0"
"KC478207.1","KC478207.1","69293","Gasterosteus aculeatus","0"
"KC478243.1","KC478243.1","69293","Gasterosteus aculeatus","0"
"KC478259.1","KC478259.1","69293","Gasterosteus aculeatus","0"
"EF525400.1","EF525400.1","69293","Gasterosteus aculeatus","0"
"EF525444.1","EF525444.1","69293","Gasterosteus aculeatus","0"
"EF525406.1","EF525406.1","69293","Gasterosteus aculeatus","0"
"EF525442.1","EF525442.1","69293","Gasterosteus aculeatus","0"
"AY426573.1","AY426573.1","27704","Gobio gobio","0"
"EF525458.1","EF525458.1","69293","Gasterosteus aculeatus","0"
"KC478213.1","KC478213.1","69293","Gasterosteus aculeatus","0"
"EF525398.1","EF525398.1","69293","Gasterosteus aculeatus","0"
"KC478257.1","KC478257.1","69293","Gasterosteus aculeatus","0"
"KC478215.1","KC478215.1","69293","Gasterosteus aculeatus","0"
"AY426567.1","AY426567.1","27704","Gobio gobio","0"
"EF525408.1","EF525408.1","69293","Gasterosteus aculeatus","0"
"KC478175.1","KC478175.1","69293","Gasterosteus aculeatus","0"
"EF525396.1","EF525396.1","69293","Gasterosteus aculeatus","0"
"KC478247.1","KC478247.1","69293","Gasterosteus aculeatus","0"
"KC478177.1","KC478177.1","69293","Gasterosteus aculeatus","0"
"EF525464.1","EF525464.1","69293","Gasterosteus aculeatus","0"
"KC478237.1","KC478237.1","69293","Gasterosteus aculeatus","0"
"KC478269.1","KC478269.1","69293","Gasterosteus aculeatus","0"
"AY426563.1","AY426563.1","27704","Gobio gobio","0"
"EF525468.1","EF525468.1","69293","Gasterosteus aculeatus","0"
"KC478255.1","KC478255.1","69293","Gasterosteus aculeatus","0"
"KC478233.1","KC478233.1","69293","Gasterosteus aculeatus","0"
"KC478231.1","KC478231.1","69293","Gasterosteus aculeatus","0"
"KC478267.1","KC478267.1","69293","Gasterosteus aculeatus","0"
"KC478239.1","KC478239.1","69293","Gasterosteus aculeatus","0"
"KM978956.1","KM978956.1","57865","Gymnocephalus cernua","0"
"AB678417.1","AB678417.1","69293","Gasterosteus aculeatus","0"
"AB678415.1","AB678415.1","69293","Gasterosteus aculeatus","0"
"EF525472.1","EF525472.1","69293","Gasterosteus aculeatus","0"
"KC478189.1","KC478189.1","69293","Gasterosteus aculeatus","0"
"AB678413.1","AB678413.1","69293","Gasterosteus aculeatus","0"
"KU761853.1","KU761853.1","69293","Gasterosteus aculeatus","0"
"KC478179.1","KC478179.1","69293","Gasterosteus aculeatus","0"
"AY426571.1","AY426571.1","27704","Gobio gobio","0"
"KC478193.1","KC478193.1","69293","Gasterosteus aculeatus","0"
"AY426592.1","AY426592.1","27704","Gobio gobio","0"
"KC478191.1","KC478191.1","69293","Gasterosteus aculeatus","0"
"AY426577.1","AY426577.1","27704","Gobio gobio","0"
"KC478181.1","KC478181.1","69293","Gasterosteus aculeatus","0"
"KC478197.1","KC478197.1","69293","Gasterosteus aculeatus","0"
"KC478195.1","KC478195.1","69293","Gasterosteus aculeatus","0"
"EF525466.1","EF525466.1","69293","Gasterosteus aculeatus","0"
"AF045356.1","AF045356.1","57865","Gymnocephalus cernua","0"
"KC478183.1","KC478183.1","69293","Gasterosteus aculeatus","0"
"AY426575.1","AY426575.1","27704","Gobio gobio","0"
"AY426588.1","AY426588.1","27704","Gobio gobio","0"
"KJ756343.1","KJ756343.1","7965","Hypophthalmichthys nobilis","0"
"HM162839.1","HM162839.1","7965","Hypophthalmichthys nobilis","0"
"KJ729077.1","KJ729077.1","7965","Hypophthalmichthys nobilis","0"
"KJ679504.1","KJ679504.1","7965","Hypophthalmichthys nobilis","0"
"EU343733.1","EU343733.1","7965","Hypophthalmichthys nobilis","0"
"KJ671449.1","KJ671449.1","13095","Hypophthalmichthys molitrix","0"
"KJ746964.1","KJ746964.1","13095","Hypophthalmichthys molitrix","0"
"KJ746965.1","KJ746965.1","13095","Hypophthalmichthys molitrix","0"
"KJ710362.1","KJ710362.1","7965","Hypophthalmichthys nobilis","0"
"KJ671450.1","KJ671450.1","13095","Hypophthalmichthys molitrix","0"
"AF051866.1","AF051866.1","13095","Hypophthalmichthys molitrix","0"
"AB198974.1","AB198974.1","13095","Hypophthalmichthys molitrix","0"
"EU315941.1","EU315941.1","13095","Hypophthalmichthys molitrix","0"
"DQ664318.1","DQ664318.1","58325","Leuciscus leuciscus","0"
"DQ664329.1","DQ664329.1","58325","Leuciscus leuciscus","0"
"AY226384.1","AY226384.1","69944","Lota lota","0"
"DQ664348.1","DQ664348.1","58325","Leuciscus leuciscus","0"
"DQ664422.1","DQ664422.1","58325","Leuciscus leuciscus","0"
"DQ664447.1","DQ664447.1","69811","Leuciscus idus","0"
"AY226398.1","AY226398.1","69944","Lota lota","0"
"KU316025.1","KU316025.1","69944","Lota lota","0"
"DQ664377.1","DQ664377.1","58325","Leuciscus leuciscus","0"
"AJ937942.1","AJ937942.1","7748","Lampetra fluviatilis","0"
"DQ664340.1","DQ664340.1","58325","Leuciscus leuciscus","0"
"AY226395.1","AY226395.1","69944","Lota lota","0"
"AY226410.1","AY226410.1","69944","Lota lota","0"
"DQ664424.1","DQ664424.1","58325","Leuciscus leuciscus","0"
"DQ664435.1","DQ664435.1","58325","Leuciscus leuciscus","0"
"HM560097.1","HM560097.1","58323","Leucaspius delineatus","0"
"KR025548.1","KR025548.1","58325","Leuciscus leuciscus","0"
"DQ664418.1","DQ664418.1","58325","Leuciscus leuciscus","0"
"DQ664369.1","DQ664369.1","58325","Leuciscus leuciscus","0"
"DQ664309.1","DQ664309.1","58325","Leuciscus leuciscus","0"
"NC_004379.1","NC_004379.1","69944","Lota lota","0"
"AY226388.1","AY226388.1","69944","Lota lota","0"
"KM363244.1","KM363244.1","69944","Lota lota","0"
"DQ664437.1","DQ664437.1","58325","Leuciscus leuciscus","0"
"DQ664357.1","DQ664357.1","58325","Leuciscus leuciscus","0"
"DQ664398.1","DQ664398.1","58325","Leuciscus leuciscus","0"
"DQ664308.1","DQ664308.1","58325","Leuciscus leuciscus","0"
"AJ937953.1","AJ937953.1","7750","Lampetra planeri","0"
"DQ664428.1","DQ664428.1","58325","Leuciscus leuciscus","0"
"DQ664409.1","DQ664409.1","58325","Leuciscus leuciscus","0"
"DQ664302.1","DQ664302.1","58325","Leuciscus leuciscus","0"
"DQ664371.1","DQ664371.1","58325","Leuciscus leuciscus","0"
"FR669669.2","FR669669.2","7750","Lampetra planeri","0"
"HM560100.1","HM560100.1","58325","Leuciscus leuciscus","0"
"DQ664374.1","DQ664374.1","58325","Leuciscus leuciscus","0"
"DQ664365.1","DQ664365.1","58325","Leuciscus leuciscus","0"
"AY226408.1","AY226408.1","69944","Lota lota","0"
"HM560099.1","HM560099.1","69811","Leuciscus idus","0"
"DQ664366.1","DQ664366.1","58325","Leuciscus leuciscus","0"
"HM560098.1","HM560098.1","69811","Leuciscus idus","0"
"NC_001131.1","NC_001131.1","7748","Lampetra fluviatilis","0"
"DQ664362.1","DQ664362.1","58325","Leuciscus leuciscus","0"
"KM201364.1","KM201364.1","69944","Lota lota","0"
"AJ555553.1","AJ555553.1","58325","Leuciscus leuciscus","0"
"DQ664353.1","DQ664353.1","58325","Leuciscus leuciscus","0"
"DQ664306.1","DQ664306.1","58325","Leuciscus leuciscus","0"
"DQ664389.1","DQ664389.1","58325","Leuciscus leuciscus","0"
"DQ664391.1","DQ664391.1","58325","Leuciscus leuciscus","0"
"DQ664349.1","DQ664349.1","58325","Leuciscus leuciscus","0"
"AY226406.1","AY226406.1","69944","Lota lota","0"
"KR025547.1","KR025547.1","58325","Leuciscus leuciscus","0"
"DQ664322.1","DQ664322.1","58325","Leuciscus leuciscus","0"
"DQ664382.1","DQ664382.1","58325","Leuciscus leuciscus","0"
"DQ664361.1","DQ664361.1","58325","Leuciscus leuciscus","0"
"DQ664315.1","DQ664315.1","58325","Leuciscus leuciscus","0"
"DQ664448.1","DQ664448.1","69811","Leuciscus idus","0"
"DQ664438.1","DQ664438.1","58325","Leuciscus leuciscus","0"
"KR025545.1","KR025545.1","69811","Leuciscus idus","0"
"AJ937938.1","AJ937938.1","7748","Lampetra fluviatilis","0"
"DQ664341.1","DQ664341.1","58325","Leuciscus leuciscus","0"
"DQ664380.1","DQ664380.1","58325","Leuciscus leuciscus","0"
"AJ937946.1","AJ937946.1","7750","Lampetra planeri","0"
"DQ664317.1","DQ664317.1","58325","Leuciscus leuciscus","0"
"AY226405.1","AY226405.1","69944","Lota lota","0"
"DQ664406.1","DQ664406.1","58325","Leuciscus leuciscus","0"
"DQ664378.1","DQ664378.1","58325","Leuciscus leuciscus","0"
"AJ937940.1","AJ937940.1","7748","Lampetra fluviatilis","0"
"DQ664324.1","DQ664324.1","58325","Leuciscus leuciscus","0"
"DQ664331.1","DQ664331.1","58325","Leuciscus leuciscus","0"
"DQ664342.1","DQ664342.1","58325","Leuciscus leuciscus","0"
"DQ664304.1","DQ664304.1","58325","Leuciscus leuciscus","0"
"AJ937930.1","AJ937930.1","7750","Lampetra planeri","0"
"DQ664355.1","DQ664355.1","58325","Leuciscus leuciscus","0"
"DQ664395.1","DQ664395.1","58325","Leuciscus leuciscus","0"
"DQ664336.1","DQ664336.1","58325","Leuciscus leuciscus","0"
"DQ664326.1","DQ664326.1","58325","Leuciscus leuciscus","0"
"DQ664419.1","DQ664419.1","58325","Leuciscus leuciscus","0"
"DQ664432.1","DQ664432.1","58325","Leuciscus leuciscus","0"
"DQ664359.1","DQ664359.1","58325","Leuciscus leuciscus","0"
"DQ664356.1","DQ664356.1","58325","Leuciscus leuciscus","0"
"KU316022.1","KU316022.1","69944","Lota lota","0"
"AY226383.1","AY226383.1","69944","Lota lota","0"
"DQ664412.1","DQ664412.1","58325","Leuciscus leuciscus","0"
"AY828961.1","AY828961.1","270329","Lepomis gibbosus","0"
"DQ664372.1","DQ664372.1","58325","Leuciscus leuciscus","0"
"AJ937933.1","AJ937933.1","7750","Lampetra planeri","0"
"FR669668.2","FR669668.2","7750","Lampetra planeri","0"
"DQ664386.1","DQ664386.1","58325","Leuciscus leuciscus","0"
"DQ664407.1","DQ664407.1","58325","Leuciscus leuciscus","0"
"DQ664410.1","DQ664410.1","58325","Leuciscus leuciscus","0"
"DQ664303.1","DQ664303.1","58325","Leuciscus leuciscus","0"
"KU316024.1","KU316024.1","69944","Lota lota","0"
"DQ664370.1","DQ664370.1","58325","Leuciscus leuciscus","0"
"NC_020357.1","NC_020357.1","58323","Leucaspius delineatus","0"
"AY828962.1","AY828962.1","270329","Lepomis gibbosus","0"
"DQ664400.1","DQ664400.1","58325","Leuciscus leuciscus","0"
"DQ664401.1","DQ664401.1","58325","Leuciscus leuciscus","0"
"DQ664429.1","DQ664429.1","58325","Leuciscus leuciscus","0"
"DQ664376.1","DQ664376.1","58325","Leuciscus leuciscus","0"
"KT275292.1","KT275292.1","7748","Lampetra fluviatilis","0"
"AJ937929.1","AJ937929.1","7748","Lampetra fluviatilis","0"
"AY226409.1","AY226409.1","69944","Lota lota","0"
"DQ664313.1","DQ664313.1","58325","Leuciscus leuciscus","0"
"AJ937923.1","AJ937923.1","7750","Lampetra planeri","0"
"AY828960.1","AY828960.1","270329","Lepomis gibbosus","0"
"DQ664350.1","DQ664350.1","58325","Leuciscus leuciscus","0"
"DQ664320.1","DQ664320.1","58325","Leuciscus leuciscus","0"
"DQ664394.1","DQ664394.1","58325","Leuciscus leuciscus","0"
"DQ664446.1","DQ664446.1","58325","Leuciscus leuciscus","0"
"DQ664421.1","DQ664421.1","58325","Leuciscus leuciscus","0"
"KR025546.1","KR025546.1","69811","Leuciscus idus","0"
"DQ664323.1","DQ664323.1","58325","Leuciscus leuciscus","0"
"DQ664441.1","DQ664441.1","58325","Leuciscus leuciscus","0"
"DQ664346.1","DQ664346.1","58325","Leuciscus leuciscus","0"
"AY226394.1","AY226394.1","69944","Lota lota","0"
"DQ664347.1","DQ664347.1","58325","Leuciscus leuciscus","0"
"DQ664445.1","DQ664445.1","58325","Leuciscus leuciscus","0"
"DQ664439.1","DQ664439.1","58325","Leuciscus leuciscus","0"
"KT327178.1","KT327178.1","69944","Lota lota","0"
"DQ664383.1","DQ664383.1","58325","Leuciscus leuciscus","0"
"AJ937926.1","AJ937926.1","7748","Lampetra fluviatilis","0"
"DQ664314.1","DQ664314.1","58325","Leuciscus leuciscus","0"
"DQ664397.1","DQ664397.1","58325","Leuciscus leuciscus","0"
"AJ937939.1","AJ937939.1","7748","Lampetra fluviatilis","0"
"DQ664396.1","DQ664396.1","58325","Leuciscus leuciscus","0"
"DQ664352.1","DQ664352.1","58325","Leuciscus leuciscus","0"
"DQ664414.1","DQ664414.1","58325","Leuciscus leuciscus","0"
"DQ664343.1","DQ664343.1","58325","Leuciscus leuciscus","0"
"DQ664305.1","DQ664305.1","58325","Leuciscus leuciscus","0"
"DQ664328.1","DQ664328.1","58325","Leuciscus leuciscus","0"
"DQ664316.1","DQ664316.1","58325","Leuciscus leuciscus","0"
"DQ664354.1","DQ664354.1","58325","Leuciscus leuciscus","0"
"DQ664444.1","DQ664444.1","58325","Leuciscus leuciscus","0"
"DQ664393.1","DQ664393.1","58325","Leuciscus leuciscus","0"
"DQ664333.1","DQ664333.1","58325","Leuciscus leuciscus","0"
"DQ664310.1","DQ664310.1","58325","Leuciscus leuciscus","0"
"DQ664433.1","DQ664433.1","58325","Leuciscus leuciscus","0"
"DQ664375.1","DQ664375.1","58325","Leuciscus leuciscus","0"
"KT275295.1","KT275295.1","7748","Lampetra fluviatilis","0"
"DQ664425.1","DQ664425.1","58325","Leuciscus leuciscus","0"
"DQ664381.1","DQ664381.1","58325","Leuciscus leuciscus","0"
"AJ937944.1","AJ937944.1","7748","Lampetra fluviatilis","0"
"AJ937924.1","AJ937924.1","7748","Lampetra fluviatilis","0"
"DQ664358.1","DQ664358.1","58325","Leuciscus leuciscus","0"
"DQ664430.1","DQ664430.1","58325","Leuciscus leuciscus","0"
"DQ664387.1","DQ664387.1","58325","Leuciscus leuciscus","0"
"KJ513207.1","KJ513207.1","270329","Lepomis gibbosus","0"
"AY226404.1","AY226404.1","69944","Lota lota","0"
"DQ664408.1","DQ664408.1","58325","Leuciscus leuciscus","0"
"DQ664339.1","DQ664339.1","58325","Leuciscus leuciscus","0"
"DQ664338.1","DQ664338.1","58325","Leuciscus leuciscus","0"
"AJ937954.1","AJ937954.1","7748","Lampetra fluviatilis","0"
"DQ664390.1","DQ664390.1","58325","Leuciscus leuciscus","0"
"DQ664360.1","DQ664360.1","58325","Leuciscus leuciscus","0"
"DQ664327.1","DQ664327.1","58325","Leuciscus leuciscus","0"
"DQ664403.1","DQ664403.1","58325","Leuciscus leuciscus","0"
"DQ664312.1","DQ664312.1","58325","Leuciscus leuciscus","0"
"DQ664384.1","DQ664384.1","58325","Leuciscus leuciscus","0"
"FR669672.2","FR669672.2","7750","Lampetra planeri","0"
"DQ664321.1","DQ664321.1","58325","Leuciscus leuciscus","0"
"DQ664443.1","DQ664443.1","58325","Leuciscus leuciscus","0"
"KT275293.1","KT275293.1","7748","Lampetra fluviatilis","0"
"FR669670.2","FR669670.2","7750","Lampetra planeri","0"
"FN641828.2","FN641828.2","7750","Lampetra planeri","0"
"DQ664420.1","DQ664420.1","58325","Leuciscus leuciscus","0"
"AJ937922.1","AJ937922.1","7750","Lampetra planeri","0"
"DQ664319.1","DQ664319.1","58325","Leuciscus leuciscus","0"
"DQ664411.1","DQ664411.1","58325","Leuciscus leuciscus","0"
"DQ664413.1","DQ664413.1","58325","Leuciscus leuciscus","0"
"KF913024.1","KF913024.1","69811","Leuciscus idus","0"
"DQ664330.1","DQ664330.1","58325","Leuciscus leuciscus","0"
"DQ664417.1","DQ664417.1","58325","Leuciscus leuciscus","0"
"KC844053.1","KC844053.1","69944","Lota lota","0"
"DQ664404.1","DQ664404.1","58325","Leuciscus leuciscus","0"
"EF191376.1","EF191376.1","69944","Lota lota","0"
"HM560101.1","HM560101.1","58325","Leuciscus leuciscus","0"
"DQ664415.1","DQ664415.1","58325","Leuciscus leuciscus","0"
"KT275291.1","KT275291.1","7748","Lampetra fluviatilis","0"
"DQ664385.1","DQ664385.1","58325","Leuciscus leuciscus","0"
"DQ664337.1","DQ664337.1","58325","Leuciscus leuciscus","0"
"DQ664368.1","DQ664368.1","58325","Leuciscus leuciscus","0"
"DQ664440.1","DQ664440.1","58325","Leuciscus leuciscus","0"
"AY509823.1","AY509823.1","58325","Leuciscus leuciscus","0"
"DQ174052.1","DQ174052.1","69944","Lota lota","0"
"DQ664332.1","DQ664332.1","58325","Leuciscus leuciscus","0"
"DQ664367.1","DQ664367.1","58325","Leuciscus leuciscus","0"
"DQ664436.1","DQ664436.1","58325","Leuciscus leuciscus","0"
"DQ664363.1","DQ664363.1","58325","Leuciscus leuciscus","0"
"DQ664399.1","DQ664399.1","58325","Leuciscus leuciscus","0"
"FR669671.2","FR669671.2","7750","Lampetra planeri","0"
"DQ664405.1","DQ664405.1","58325","Leuciscus leuciscus","0"
"DQ664426.1","DQ664426.1","58325","Leuciscus leuciscus","0"
"DQ664416.1","DQ664416.1","58325","Leuciscus leuciscus","0"
"AY226403.1","AY226403.1","69944","Lota lota","0"
"DQ664434.1","DQ664434.1","58325","Leuciscus leuciscus","0"
"DQ664431.1","DQ664431.1","58325","Leuciscus leuciscus","0"
"AY226407.1","AY226407.1","69944","Lota lota","0"
"DQ664392.1","DQ664392.1","58325","Leuciscus leuciscus","0"
"DQ664307.1","DQ664307.1","58325","Leuciscus leuciscus","0"
"AY226386.1","AY226386.1","69944","Lota lota","0"
"JF742829.1","JF742829.1","270329","Lepomis gibbosus","0"
"KT275299.1","KT275299.1","7748","Lampetra fluviatilis","0"
"DQ664427.1","DQ664427.1","58325","Leuciscus leuciscus","0"
"DQ664402.1","DQ664402.1","58325","Leuciscus leuciscus","0"
"DQ664335.1","DQ664335.1","58325","Leuciscus leuciscus","0"
"DQ664334.1","DQ664334.1","58325","Leuciscus leuciscus","0"
"DQ174053.1","DQ174053.1","69944","Lota lota","0"
"AY226399.1","AY226399.1","69944","Lota lota","0"
"DQ664388.1","DQ664388.1","58325","Leuciscus leuciscus","0"
"KP013097.1","KP013097.1","270329","Lepomis gibbosus","0"
"DQ664379.1","DQ664379.1","58325","Leuciscus leuciscus","0"
"DQ664423.1","DQ664423.1","58325","Leuciscus leuciscus","0"
"DQ664442.1","DQ664442.1","58325","Leuciscus leuciscus","0"
"DQ536425.1","DQ536425.1","27706","Micropterus salmoides","0"
"AY225678.1","AY225678.1","27706","Micropterus salmoides","0"
"HM070900.1","HM070900.1","27706","Micropterus salmoides","0"
"HM070910.1","HM070910.1","27706","Micropterus salmoides","0"
"AY225679.1","AY225679.1","27706","Micropterus salmoides","0"
"JQ011405.1","JQ011405.1","7984","Misgurnus fossilis","0"
"HM070911.1","HM070911.1","27706","Micropterus salmoides","0"
"AY115999.1","AY115999.1","27706","Micropterus salmoides","0"
"AY225684.1","AY225684.1","27706","Micropterus salmoides","0"
"JQ011406.1","JQ011406.1","7984","Misgurnus fossilis","0"
"KC819835.1","KC819835.1","27706","Micropterus salmoides","0"
"HM070882.1","HM070882.1","27706","Micropterus salmoides","0"
"HM070865.1","HM070865.1","27706","Micropterus salmoides","0"
"HM070864.1","HM070864.1","27706","Micropterus salmoides","0"
"AY225683.1","AY225683.1","27706","Micropterus salmoides","0"
"HQ391896.1","HQ391896.1","27706","Micropterus salmoides","0"
"HM070901.1","HM070901.1","27706","Micropterus salmoides","0"
"HM070891.1","HM070891.1","27706","Micropterus salmoides","0"
"AY225677.1","AY225677.1","27706","Micropterus salmoides","0"
"AY225676.1","AY225676.1","27706","Micropterus salmoides","0"
"HM070867.1","HM070867.1","27706","Micropterus salmoides","0"
"AY225680.1","AY225680.1","27706","Micropterus salmoides","0"
"AY225675.1","AY225675.1","27706","Micropterus salmoides","0"
"AF479273.1","AF479273.1","27706","Micropterus salmoides","0"
"DQ451323.1","DQ451323.1","27706","Micropterus salmoides","0"
"AY116000.1","AY116000.1","27706","Micropterus salmoides","0"
"EU564123.1","EU564123.1","47308","Neogobius melanostomus","0"
"EU564119.1","EU564119.1","47308","Neogobius melanostomus","0"
"EU564122.1","EU564122.1","47308","Neogobius melanostomus","0"
"KJ654332.1","KJ654332.1","47308","Neogobius melanostomus","0"
"EU564124.1","EU564124.1","47308","Neogobius melanostomus","0"
"KC886276.1","KC886276.1","47308","Neogobius melanostomus","0"
"KC886277.1","KC886277.1","47308","Neogobius melanostomus","0"
"KJ605185.1","KJ605185.1","47308","Neogobius melanostomus","0"
"KJ654331.1","KJ654331.1","47308","Neogobius melanostomus","0"
"EU564121.1","EU564121.1","47308","Neogobius melanostomus","0"
"EU564120.1","EU564120.1","47308","Neogobius melanostomus","0"
"KC886278.1","KC886278.1","47308","Neogobius melanostomus","0"
"KF549989.1","KF549989.1","47308","Neogobius melanostomus","0"
"KF549990.1","KF549990.1","47308","Neogobius melanostomus","0"
"KF549988.1","KF549988.1","47308","Neogobius melanostomus","0"
"JF313911.1","JF313911.1","8017","Oncorhynchus gorbuscha","0"
"JF313906.1","JF313906.1","8017","Oncorhynchus gorbuscha","0"
"FJ435593.1","FJ435593.1","8022","Oncorhynchus mykiss","0"
"JF313908.1","JF313908.1","8017","Oncorhynchus gorbuscha","0"
"JF313917.1","JF313917.1","8017","Oncorhynchus gorbuscha","0"
"AY032631.1","AY032631.1","8022","Oncorhynchus mykiss","0"
"EF455489.1","EF455489.1","8017","Oncorhynchus gorbuscha","0"
"DQ288268.1","DQ288268.1","8022","Oncorhynchus mykiss","0"
"JF313915.1","JF313915.1","8017","Oncorhynchus gorbuscha","0"
"JF313918.1","JF313918.1","8017","Oncorhynchus gorbuscha","0"
"JF313905.1","JF313905.1","8017","Oncorhynchus gorbuscha","0"
"JF313922.1","JF313922.1","8017","Oncorhynchus gorbuscha","0"
"FJ435590.1","FJ435590.1","8022","Oncorhynchus mykiss","0"
"JF313919.1","JF313919.1","8017","Oncorhynchus gorbuscha","0"
"AF125209.1","AF125209.1","8022","Oncorhynchus mykiss","0"
"JF313913.1","JF313913.1","8017","Oncorhynchus gorbuscha","0"
"JX185439.1","JX185439.1","8017","Oncorhynchus gorbuscha","0"
"EU492295.1","EU492295.1","29151","Osmerus eperlanus","0"
"FJ435596.1","FJ435596.1","8022","Oncorhynchus mykiss","0"
"JF313920.1","JF313920.1","8017","Oncorhynchus gorbuscha","0"
"DQ288271.1","DQ288271.1","8022","Oncorhynchus mykiss","0"
"JF313916.1","JF313916.1","8017","Oncorhynchus gorbuscha","0"
"FJ435594.1","FJ435594.1","8022","Oncorhynchus mykiss","0"
"JX960814.1","JX960814.1","8022","Oncorhynchus mykiss","0"
"JF313914.1","JF313914.1","8017","Oncorhynchus gorbuscha","0"
"KP013084.1","KP013084.1","8022","Oncorhynchus mykiss","0"
"EU492321.1","EU492321.1","29151","Osmerus eperlanus","0"
"JX185440.1","JX185440.1","8017","Oncorhynchus gorbuscha","0"
"AF125208.1","AF125208.1","8022","Oncorhynchus mykiss","0"
"FJ435591.1","FJ435591.1","8022","Oncorhynchus mykiss","0"
"FJ435597.1","FJ435597.1","8022","Oncorhynchus mykiss","0"
"JF313912.1","JF313912.1","8017","Oncorhynchus gorbuscha","0"
"KU761858.1","KU761858.1","8022","Oncorhynchus mykiss","0"
"AY587169.1","AY587169.1","8022","Oncorhynchus mykiss","0"
"JF313921.1","JF313921.1","8017","Oncorhynchus gorbuscha","0"
"JF313923.1","JF313923.1","8017","Oncorhynchus gorbuscha","0"
"JX960805.1","JX960805.1","8017","Oncorhynchus gorbuscha","0"
"FJ435595.1","FJ435595.1","8022","Oncorhynchus mykiss","0"
"FJ435586.1","FJ435586.1","8022","Oncorhynchus mykiss","0"
"JX185444.1","JX185444.1","8017","Oncorhynchus gorbuscha","0"
"KP085590.1","KP085590.1","8022","Oncorhynchus mykiss","0"
"JX960815.1","JX960815.1","8022","Oncorhynchus mykiss","0"
"JX185443.1","JX185443.1","8017","Oncorhynchus gorbuscha","0"
"KU761855.1","KU761855.1","8017","Oncorhynchus gorbuscha","0"
"FJ435602.1","FJ435602.1","8022","Oncorhynchus mykiss","0"
"FJ435589.1","FJ435589.1","8022","Oncorhynchus mykiss","0"
"JX960806.1","JX960806.1","8017","Oncorhynchus gorbuscha","0"
"FJ010885.1","FJ010885.1","29151","Osmerus eperlanus","0"
"JX960813.1","JX960813.1","8022","Oncorhynchus mykiss","0"
"AY032630.1","AY032630.1","8022","Oncorhynchus mykiss","0"
"AY032632.1","AY032632.1","8022","Oncorhynchus mykiss","0"
"JF313909.1","JF313909.1","8017","Oncorhynchus gorbuscha","0"
"AY032629.1","AY032629.1","8022","Oncorhynchus mykiss","0"
"HM117871.1","HM117871.1","51549","Pseudorasbora parva","0"
"KR074934.1","KR074934.1","51549","Pseudorasbora parva","0"
"EU348846.1","EU348846.1","8168","Perca fluviatilis","0"
"JF489746.1","JF489746.1","51549","Pseudorasbora parva","0"
"GU227767.1","GU227767.1","134920","Pungitius pungitius","0"
"EU444660.1","EU444660.1","322563","Proterorhinus semilunaris","0"
"HM117874.1","HM117874.1","51549","Pseudorasbora parva","0"
"GU227761.1","GU227761.1","134920","Pungitius pungitius","0"
"KR074911.1","KR074911.1","51549","Pseudorasbora parva","0"
"KR074908.1","KR074908.1","51549","Pseudorasbora parva","0"
"JF798906.1","JF798906.1","134920","Pungitius pungitius","0"
"JF798891.1","JF798891.1","134920","Pungitius pungitius","0"
"JF489639.1","JF489639.1","51549","Pseudorasbora parva","0"
"KJ605205.1","KJ605205.1","322563","Proterorhinus semilunaris","0"
"GU227759.1","GU227759.1","134920","Pungitius pungitius","0"
"KR074560.1","KR074560.1","51549","Pseudorasbora parva","0"
"EU444650.1","EU444650.1","322563","Proterorhinus semilunaris","0"
"EU348839.1","EU348839.1","8168","Perca fluviatilis","0"
"JF802126.1","JF802126.1","51549","Pseudorasbora parva","0"
"JF798887.1","JF798887.1","134920","Pungitius pungitius","0"
"AB677449.1","AB677449.1","51549","Pseudorasbora parva","0"
"JF798881.1","JF798881.1","134920","Pungitius pungitius","0"
"GU227769.1","GU227769.1","134920","Pungitius pungitius","0"
"HM117894.1","HM117894.1","51549","Pseudorasbora parva","0"
"JF798883.1","JF798883.1","134920","Pungitius pungitius","0"
"KJ605209.1","KJ605209.1","322563","Proterorhinus semilunaris","0"
"EU444627.1","EU444627.1","322563","Proterorhinus semilunaris","0"
"KR074635.1","KR074635.1","51549","Pseudorasbora parva","0"
"KJ627982.1","KJ627982.1","134920","Pungitius pungitius","0"
"EU348843.1","EU348843.1","8168","Perca fluviatilis","0"
"KJ627980.1","KJ627980.1","134920","Pungitius pungitius","0"
"HM117901.1","HM117901.1","51549","Pseudorasbora parva","0"
"EU348841.1","EU348841.1","8168","Perca fluviatilis","0"
"JF798889.1","JF798889.1","134920","Pungitius pungitius","0"
"JF798897.1","JF798897.1","134920","Pungitius pungitius","0"
"KR074846.1","KR074846.1","51549","Pseudorasbora parva","0"
"KR074659.1","KR074659.1","51549","Pseudorasbora parva","0"
"JF798895.1","JF798895.1","134920","Pungitius pungitius","0"
"KR074742.1","KR074742.1","51549","Pseudorasbora parva","0"
"KT278765.1","KT278765.1","90988","Pimephales promelas","0"
"JF489719.1","JF489719.1","51549","Pseudorasbora parva","0"
"KR074885.1","KR074885.1","51549","Pseudorasbora parva","0"
"KT583722.1","KT583722.1","134920","Pungitius pungitius","0"
"KJ627979.1","KJ627979.1","134920","Pungitius pungitius","0"
"JF798893.1","JF798893.1","134920","Pungitius pungitius","0"
"JF798885.1","JF798885.1","134920","Pungitius pungitius","0"
"GU227749.1","GU227749.1","134920","Pungitius pungitius","0"
"AF546117.1","AF546117.1","8168","Perca fluviatilis","0"
"KR074770.1","KR074770.1","51549","Pseudorasbora parva","0"
"KJ605212.1","KJ605212.1","322563","Proterorhinus semilunaris","0"
"JF798878.1","JF798878.1","134920","Pungitius pungitius","0"
"KR074727.1","KR074727.1","51549","Pseudorasbora parva","0"
"JF798916.1","JF798916.1","134920","Pungitius pungitius","0"
"KJ627985.1","KJ627985.1","134920","Pungitius pungitius","0"
"KR074768.1","KR074768.1","51549","Pseudorasbora parva","0"
"JF798874.1","JF798874.1","134920","Pungitius pungitius","0"
"AY952995.1","AY952995.1","51549","Pseudorasbora parva","0"
"KJ605203.1","KJ605203.1","322563","Proterorhinus semilunaris","0"
"HM117861.1","HM117861.1","51549","Pseudorasbora parva","0"
"JF798876.1","JF798876.1","134920","Pungitius pungitius","0"
"KR074940.1","KR074940.1","51549","Pseudorasbora parva","0"
"KR074817.1","KR074817.1","51549","Pseudorasbora parva","0"
"JF489780.1","JF489780.1","51549","Pseudorasbora parva","0"
"KR074643.1","KR074643.1","51549","Pseudorasbora parva","0"
"KR074718.1","KR074718.1","51549","Pseudorasbora parva","0"
"GU227783.1","GU227783.1","134920","Pungitius pungitius","0"
"HM117900.1","HM117900.1","51549","Pseudorasbora parva","0"
"EU934503.1","EU934503.1","51549","Pseudorasbora parva","0"
"KT989571.1","KT989571.1","134920","Pungitius pungitius","0"
"GU227781.1","GU227781.1","134920","Pungitius pungitius","0"
"EU934501.1","EU934501.1","51549","Pseudorasbora parva","0"
"KR074663.1","KR074663.1","51549","Pseudorasbora parva","0"
"HM117899.1","HM117899.1","51549","Pseudorasbora parva","0"
"JF489616.1","JF489616.1","51549","Pseudorasbora parva","0"
"KJ627975.1","KJ627975.1","134920","Pungitius pungitius","0"
"KR074732.1","KR074732.1","51549","Pseudorasbora parva","0"
"KC819836.1","KC819836.1","8168","Perca fluviatilis","0"
"HM117897.1","HM117897.1","51549","Pseudorasbora parva","0"
"KR074820.1","KR074820.1","51549","Pseudorasbora parva","0"
"JF798899.1","JF798899.1","134920","Pungitius pungitius","0"
"JF798927.1","JF798927.1","134920","Pungitius pungitius","0"
"KR074760.1","KR074760.1","51549","Pseudorasbora parva","0"
"EU109757.1","EU109757.1","8260","Platichthys flesus","0"
"HM117891.1","HM117891.1","51549","Pseudorasbora parva","0"
"JF798925.1","JF798925.1","134920","Pungitius pungitius","0"
"HM117866.1","HM117866.1","51549","Pseudorasbora parva","0"
"EU109755.1","EU109755.1","8260","Platichthys flesus","0"
"KR074681.1","KR074681.1","51549","Pseudorasbora parva","0"
"JF798923.1","JF798923.1","134920","Pungitius pungitius","0"
"FJ515658.1","FJ515658.1","8260","Platichthys flesus","0"
"HM117855.1","HM117855.1","51549","Pseudorasbora parva","0"
"JF489651.1","JF489651.1","51549","Pseudorasbora parva","0"
"EU224026.1","EU224026.1","8260","Platichthys flesus","0"
"KR074581.1","KR074581.1","51549","Pseudorasbora parva","0"
"HM117887.1","HM117887.1","51549","Pseudorasbora parva","0"
"JF798921.1","JF798921.1","134920","Pungitius pungitius","0"
"JF489646.1","JF489646.1","51549","Pseudorasbora parva","0"
"KJ605198.1","KJ605198.1","322563","Proterorhinus semilunaris","0"
"JF489647.1","JF489647.1","51549","Pseudorasbora parva","0"
"KR074701.1","KR074701.1","51549","Pseudorasbora parva","0"
"HM117879.1","HM117879.1","51549","Pseudorasbora parva","0"
"KJ605207.1","KJ605207.1","322563","Proterorhinus semilunaris","0"
"AF546116.1","AF546116.1","8168","Perca fluviatilis","0"
"JF798907.1","JF798907.1","134920","Pungitius pungitius","0"
"JF489717.1","JF489717.1","51549","Pseudorasbora parva","0"
"KR074692.1","KR074692.1","51549","Pseudorasbora parva","0"
"GU227742.1","GU227742.1","134920","Pungitius pungitius","0"
"LC098194.1","LC098194.1","51549","Pseudorasbora parva","0"
"KC886259.1","KC886259.1","320565","Ponticola kessleri","0"
"LC097671.1","LC097671.1","51549","Pseudorasbora parva","0"
"HM117867.1","HM117867.1","51549","Pseudorasbora parva","0"
"KJ605194.1","KJ605194.1","322563","Proterorhinus semilunaris","0"
"LC098196.1","LC098196.1","51549","Pseudorasbora parva","0"
"JF798909.1","JF798909.1","134920","Pungitius pungitius","0"
"JF798913.1","JF798913.1","134920","Pungitius pungitius","0"
"AF051873.1","AF051873.1","51549","Pseudorasbora parva","0"
"JF489633.1","JF489633.1","51549","Pseudorasbora parva","0"
"FJ172664.1","FJ172664.1","8168","Perca fluviatilis","0"
"JF798919.1","JF798919.1","134920","Pungitius pungitius","0"
"JF798905.1","JF798905.1","134920","Pungitius pungitius","0"
"KJ605186.1","KJ605186.1","320565","Ponticola kessleri","0"
"AB366541.1","AB366541.1","51549","Pseudorasbora parva","0"
"JF798929.1","JF798929.1","134920","Pungitius pungitius","0"
"JF489641.1","JF489641.1","51549","Pseudorasbora parva","0"
"EU444609.1","EU444609.1","322563","Proterorhinus semilunaris","0"
"HM117858.1","HM117858.1","51549","Pseudorasbora parva","0"
"HM117869.1","HM117869.1","51549","Pseudorasbora parva","0"
"EU444633.1","EU444633.1","322563","Proterorhinus semilunaris","0"
"GU227748.1","GU227748.1","134920","Pungitius pungitius","0"
"JF489615.1","JF489615.1","51549","Pseudorasbora parva","0"
"KJ605192.1","KJ605192.1","322563","Proterorhinus semilunaris","0"
"KR074842.1","KR074842.1","51549","Pseudorasbora parva","0"
"GU227740.1","GU227740.1","134920","Pungitius pungitius","0"
"KR074622.1","KR074622.1","51549","Pseudorasbora parva","0"
"AB125334.1","AB125334.1","8260","Platichthys flesus","0"
"GU227746.1","GU227746.1","134920","Pungitius pungitius","0"
"JF798901.1","JF798901.1","134920","Pungitius pungitius","0"
"GU227762.1","GU227762.1","134920","Pungitius pungitius","0"
"EU444613.1","EU444613.1","322563","Proterorhinus semilunaris","0"
"JF798903.1","JF798903.1","134920","Pungitius pungitius","0"
"EU492120.1","EU492120.1","8260","Platichthys flesus","0"
"HM117852.1","HM117852.1","51549","Pseudorasbora parva","0"
"JF489857.1","JF489857.1","51549","Pseudorasbora parva","0"
"GU227764.1","GU227764.1","134920","Pungitius pungitius","0"
"KR074668.1","KR074668.1","51549","Pseudorasbora parva","0"
"KR074712.1","KR074712.1","51549","Pseudorasbora parva","0"
"GU227744.1","GU227744.1","134920","Pungitius pungitius","0"
"JF489673.1","JF489673.1","51549","Pseudorasbora parva","0"
"KR074838.1","KR074838.1","51549","Pseudorasbora parva","0"
"EU444659.1","EU444659.1","322563","Proterorhinus semilunaris","0"
"KJ627987.1","KJ627987.1","134920","Pungitius pungitius","0"
"GU227766.1","GU227766.1","134920","Pungitius pungitius","0"
"JF798917.1","JF798917.1","134920","Pungitius pungitius","0"
"GQ184521.1","GQ184521.1","90988","Pimephales promelas","0"
"KR074636.1","KR074636.1","51549","Pseudorasbora parva","0"
"JF489813.1","JF489813.1","51549","Pseudorasbora parva","0"
"JF798915.1","JF798915.1","134920","Pungitius pungitius","0"
"GU227745.1","GU227745.1","134920","Pungitius pungitius","0"
"EU444649.1","EU444649.1","322563","Proterorhinus semilunaris","0"
"GU227760.1","GU227760.1","134920","Pungitius pungitius","0"
"EU444661.1","EU444661.1","322563","Proterorhinus semilunaris","0"
"KR074769.1","KR074769.1","51549","Pseudorasbora parva","0"
"KJ605206.1","KJ605206.1","322563","Proterorhinus semilunaris","0"
"EU444651.1","EU444651.1","322563","Proterorhinus semilunaris","0"
"EU444605.1","EU444605.1","322563","Proterorhinus semilunaris","0"
"JF489825.1","JF489825.1","51549","Pseudorasbora parva","0"
"LC097673.1","LC097673.1","51549","Pseudorasbora parva","0"
"GU227754.1","GU227754.1","134920","Pungitius pungitius","0"
"KR074926.1","KR074926.1","51549","Pseudorasbora parva","0"
"HM117883.1","HM117883.1","51549","Pseudorasbora parva","0"
"EU444607.1","EU444607.1","322563","Proterorhinus semilunaris","0"
"JF798880.1","JF798880.1","134920","Pungitius pungitius","0"
"HM224302.1","HM224302.1","51549","Pseudorasbora parva","0"
"GU227768.1","GU227768.1","134920","Pungitius pungitius","0"
"GU227756.1","GU227756.1","134920","Pungitius pungitius","0"
"AB094628.1","AB094628.1","134920","Pungitius pungitius","0"
"JF798911.1","JF798911.1","134920","Pungitius pungitius","0"
"JF798882.1","JF798882.1","134920","Pungitius pungitius","0"
"GU227750.1","GU227750.1","134920","Pungitius pungitius","0"
"KJ605208.1","KJ605208.1","322563","Proterorhinus semilunaris","0"
"GU227770.1","GU227770.1","134920","Pungitius pungitius","0"
"KJ627983.1","KJ627983.1","134920","Pungitius pungitius","0"
"GQ184519.1","GQ184519.1","90988","Pimephales promelas","0"
"GQ275159.1","GQ275159.1","90988","Pimephales promelas","0"
"KJ627981.1","KJ627981.1","134920","Pungitius pungitius","0"
"GU227778.1","GU227778.1","134920","Pungitius pungitius","0"
"JF798888.1","JF798888.1","134920","Pungitius pungitius","0"
"KR074577.1","KR074577.1","51549","Pseudorasbora parva","0"
"NC_011571.1","NC_011571.1","134920","Pungitius pungitius","0"
"GU227752.1","GU227752.1","134920","Pungitius pungitius","0"
"JF489648.1","JF489648.1","51549","Pseudorasbora parva","0"
"EU444665.1","EU444665.1","322563","Proterorhinus semilunaris","0"
"KJ605204.1","KJ605204.1","322563","Proterorhinus semilunaris","0"
"KR074847.1","KR074847.1","51549","Pseudorasbora parva","0"
"KJ605196.1","KJ605196.1","322563","Proterorhinus semilunaris","0"
"EU444625.1","EU444625.1","322563","Proterorhinus semilunaris","0"
"LC097675.1","LC097675.1","51549","Pseudorasbora parva","0"
"EU444669.1","EU444669.1","320565","Ponticola kessleri","0"
"HM117881.1","HM117881.1","51549","Pseudorasbora parva","0"
"JF798884.1","JF798884.1","134920","Pungitius pungitius","0"
"HM117893.1","HM117893.1","51549","Pseudorasbora parva","0"
"JF489643.1","JF489643.1","51549","Pseudorasbora parva","0"
"GU227774.1","GU227774.1","134920","Pungitius pungitius","0"
"JF798886.1","JF798886.1","134920","Pungitius pungitius","0"
"GU227772.1","GU227772.1","134920","Pungitius pungitius","0"
"HM117854.1","HM117854.1","51549","Pseudorasbora parva","0"
"NC_020358.1","NC_020358.1","58324","Phoxinus phoxinus","0"
"JF798894.1","JF798894.1","134920","Pungitius pungitius","0"
"KJ627989.1","KJ627989.1","134920","Pungitius pungitius","0"
"KJ605200.1","KJ605200.1","322563","Proterorhinus semilunaris","0"
"JF798892.1","JF798892.1","134920","Pungitius pungitius","0"
"JF798873.1","JF798873.1","134920","Pungitius pungitius","0"
"EU444663.1","EU444663.1","322563","Proterorhinus semilunaris","0"
"JF798890.1","JF798890.1","134920","Pungitius pungitius","0"
"JF798875.1","JF798875.1","134920","Pungitius pungitius","0"
"GU227758.1","GU227758.1","134920","Pungitius pungitius","0"
"HM117870.1","HM117870.1","51549","Pseudorasbora parva","0"
"KR074644.1","KR074644.1","51549","Pseudorasbora parva","0"
"KJ605202.1","KJ605202.1","322563","Proterorhinus semilunaris","0"
"KR074666.1","KR074666.1","51549","Pseudorasbora parva","0"
"HM117877.1","HM117877.1","51549","Pseudorasbora parva","0"
"JF798877.1","JF798877.1","134920","Pungitius pungitius","0"
"JF798879.1","JF798879.1","134920","Pungitius pungitius","0"
"EU348842.1","EU348842.1","8168","Perca fluviatilis","0"
"EU492294.1","EU492294.1","8260","Platichthys flesus","0"
"JF798898.1","JF798898.1","134920","Pungitius pungitius","0"
"EU348840.1","EU348840.1","8168","Perca fluviatilis","0"
"KR074759.1","KR074759.1","51549","Pseudorasbora parva","0"
"GU227780.1","GU227780.1","134920","Pungitius pungitius","0"
"KC992395.1","KC992395.1","58324","Phoxinus phoxinus","0"
"JF798896.1","JF798896.1","134920","Pungitius pungitius","0"
"KR074807.1","KR074807.1","51549","Pseudorasbora parva","0"
"EU444662.1","EU444662.1","322563","Proterorhinus semilunaris","0"
"EU444626.1","EU444626.1","322563","Proterorhinus semilunaris","0"
"KR074888.1","KR074888.1","51549","Pseudorasbora parva","0"
"HM117875.1","HM117875.1","51549","Pseudorasbora parva","0"
"KR074656.1","KR074656.1","51549","Pseudorasbora parva","0"
"EU109756.1","EU109756.1","8260","Platichthys flesus","0"
"EU109754.1","EU109754.1","8260","Platichthys flesus","0"
"HM117889.1","HM117889.1","51549","Pseudorasbora parva","0"
"EU348844.1","EU348844.1","8168","Perca fluviatilis","0"
"EU109752.1","EU109752.1","8260","Platichthys flesus","0"
"HM117880.1","HM117880.1","51549","Pseudorasbora parva","0"
"KJ605210.1","KJ605210.1","322563","Proterorhinus semilunaris","0"
"KR074739.1","KR074739.1","51549","Pseudorasbora parva","0"
"HM117886.1","HM117886.1","51549","Pseudorasbora parva","0"
"HM117885.1","HM117885.1","51549","Pseudorasbora parva","0"
"KR074691.1","KR074691.1","51549","Pseudorasbora parva","0"
"KJ627976.1","KJ627976.1","134920","Pungitius pungitius","0"
"KJ627984.1","KJ627984.1","134920","Pungitius pungitius","0"
"KR074674.1","KR074674.1","51549","Pseudorasbora parva","0"
"KR074707.1","KR074707.1","51549","Pseudorasbora parva","0"
"HM117884.1","HM117884.1","51549","Pseudorasbora parva","0"
"AF356080.1","AF356080.1","134920","Pungitius pungitius","0"
"KR074693.1","KR074693.1","51549","Pseudorasbora parva","0"
"HM117896.1","HM117896.1","51549","Pseudorasbora parva","0"
"JF489858.1","JF489858.1","51549","Pseudorasbora parva","0"
"HM117864.1","HM117864.1","51549","Pseudorasbora parva","0"
"HM117888.1","HM117888.1","51549","Pseudorasbora parva","0"
"HM117882.1","HM117882.1","51549","Pseudorasbora parva","0"
"HM117853.1","HM117853.1","51549","Pseudorasbora parva","0"
"KJ627978.1","KJ627978.1","134920","Pungitius pungitius","0"
"EU934502.1","EU934502.1","51549","Pseudorasbora parva","0"
"HM117863.1","HM117863.1","51549","Pseudorasbora parva","0"
"JF798910.1","JF798910.1","134920","Pungitius pungitius","0"
"HM117890.1","HM117890.1","51549","Pseudorasbora parva","0"
"EU934500.1","EU934500.1","51549","Pseudorasbora parva","0"
"HM117860.1","HM117860.1","51549","Pseudorasbora parva","0"
"JF489703.1","JF489703.1","51549","Pseudorasbora parva","0"
"NC_001626.1","NC_001626.1","7757","Petromyzon marinus","0"
"JF489634.1","JF489634.1","51549","Pseudorasbora parva","0"
"HM117898.1","HM117898.1","51549","Pseudorasbora parva","0"
"JF798918.1","JF798918.1","134920","Pungitius pungitius","0"
"KR074733.1","KR074733.1","51549","Pseudorasbora parva","0"
"HM117865.1","HM117865.1","51549","Pseudorasbora parva","0"
"JF489636.1","JF489636.1","51549","Pseudorasbora parva","0"
"JF798926.1","JF798926.1","134920","Pungitius pungitius","0"
"HM117857.1","HM117857.1","51549","Pseudorasbora parva","0"
"EU444608.1","EU444608.1","322563","Proterorhinus semilunaris","0"
"KR074713.1","KR074713.1","51549","Pseudorasbora parva","0"
"HM117859.1","HM117859.1","51549","Pseudorasbora parva","0"
"JF798924.1","JF798924.1","134920","Pungitius pungitius","0"
"HM117868.1","HM117868.1","51549","Pseudorasbora parva","0"
"EU934504.1","EU934504.1","51549","Pseudorasbora parva","0"
"JF798922.1","JF798922.1","134920","Pungitius pungitius","0"
"KJ627977.1","KJ627977.1","134920","Pungitius pungitius","0"
"LC097672.1","LC097672.1","51549","Pseudorasbora parva","0"
"KR074580.1","KR074580.1","51549","Pseudorasbora parva","0"
"HM117892.1","HM117892.1","51549","Pseudorasbora parva","0"
"KJ605211.1","KJ605211.1","322563","Proterorhinus semilunaris","0"
"KT289925.1","KT289925.1","90988","Pimephales promelas","0"
"JF798920.1","JF798920.1","134920","Pungitius pungitius","0"
"KM410088.1","KM410088.1","8168","Perca fluviatilis","0"
"KJ605189.1","KJ605189.1","320565","Ponticola kessleri","0"
"FJ788391.1","FJ788391.1","8168","Perca fluviatilis","0"
"KR074798.1","KR074798.1","51549","Pseudorasbora parva","0"
"KJ605199.1","KJ605199.1","322563","Proterorhinus semilunaris","0"
"KJ605187.1","KJ605187.1","320565","Ponticola kessleri","0"
"LC098193.1","LC098193.1","51549","Pseudorasbora parva","0"
"JF798904.1","JF798904.1","134920","Pungitius pungitius","0"
"JF798912.1","JF798912.1","134920","Pungitius pungitius","0"
"KC906398.1","KC906398.1","58324","Phoxinus phoxinus","0"
"AF045358.1","AF045358.1","8168","Perca fluviatilis","0"
"FJ788405.1","FJ788405.1","8168","Perca fluviatilis","0"
"JF798908.1","JF798908.1","134920","Pungitius pungitius","0"
"GQ184522.1","GQ184522.1","90988","Pimephales promelas","0"
"KR074637.1","KR074637.1","51549","Pseudorasbora parva","0"
"JF489862.1","JF489862.1","51549","Pseudorasbora parva","0"
"KM583832.1","KM583832.1","320565","Ponticola kessleri","0"
"JF798914.1","JF798914.1","134920","Pungitius pungitius","0"
"JF489645.1","JF489645.1","51549","Pseudorasbora parva","0"
"HM117872.1","HM117872.1","51549","Pseudorasbora parva","0"
"LC098191.1","LC098191.1","51549","Pseudorasbora parva","0"
"GU227755.1","GU227755.1","134920","Pungitius pungitius","0"
"JF798928.1","JF798928.1","134920","Pungitius pungitius","0"
"EU444604.1","EU444604.1","322563","Proterorhinus semilunaris","0"
"HM117876.1","HM117876.1","51549","Pseudorasbora parva","0"
"HM117878.1","HM117878.1","51549","Pseudorasbora parva","0"
"KR074633.1","KR074633.1","51549","Pseudorasbora parva","0"
"GU227757.1","GU227757.1","134920","Pungitius pungitius","0"
"EU444606.1","EU444606.1","322563","Proterorhinus semilunaris","0"
"JF489808.1","JF489808.1","51549","Pseudorasbora parva","0"
"GQ184520.1","GQ184520.1","90988","Pimephales promelas","0"
"GU227751.1","GU227751.1","134920","Pungitius pungitius","0"
"KJ605191.1","KJ605191.1","322563","Proterorhinus semilunaris","0"
"KJ605201.1","KJ605201.1","322563","Proterorhinus semilunaris","0"
"KJ627986.1","KJ627986.1","134920","Pungitius pungitius","0"
"GU227771.1","GU227771.1","134920","Pungitius pungitius","0"
"GQ275158.1","GQ275158.1","90988","Pimephales promelas","0"
"EU348845.1","EU348845.1","8168","Perca fluviatilis","0"
"EU444632.1","EU444632.1","322563","Proterorhinus semilunaris","0"
"KJ605193.1","KJ605193.1","322563","Proterorhinus semilunaris","0"
"JF489702.1","JF489702.1","51549","Pseudorasbora parva","0"
"HM117873.1","HM117873.1","51549","Pseudorasbora parva","0"
"EU444634.1","EU444634.1","322563","Proterorhinus semilunaris","0"
"GU227743.1","GU227743.1","134920","Pungitius pungitius","0"
"GU227779.1","GU227779.1","134920","Pungitius pungitius","0"
"AY929376.1","AY929376.1","8168","Perca fluviatilis","0"
"GU227777.1","GU227777.1","134920","Pungitius pungitius","0"
"KR074621.1","KR074621.1","51549","Pseudorasbora parva","0"
"GU227741.1","GU227741.1","134920","Pungitius pungitius","0"
"GU227753.1","GU227753.1","134920","Pungitius pungitius","0"
"EU444664.1","EU444664.1","322563","Proterorhinus semilunaris","0"
"GU227747.1","GU227747.1","134920","Pungitius pungitius","0"
"FJ788389.1","FJ788389.1","8168","Perca fluviatilis","0"
"GU227775.1","GU227775.1","134920","Pungitius pungitius","0"
"KR074866.1","KR074866.1","51549","Pseudorasbora parva","0"
"JF798900.1","JF798900.1","134920","Pungitius pungitius","0"
"LC097674.1","LC097674.1","51549","Pseudorasbora parva","0"
"GU227763.1","GU227763.1","134920","Pungitius pungitius","0"
"HM117862.1","HM117862.1","51549","Pseudorasbora parva","0"
"EU224027.1","EU224027.1","8260","Platichthys flesus","0"
"KR074873.1","KR074873.1","51549","Pseudorasbora parva","0"
"JF798902.1","JF798902.1","134920","Pungitius pungitius","0"
"LC097676.1","LC097676.1","51549","Pseudorasbora parva","0"
"EU444612.1","EU444612.1","322563","Proterorhinus semilunaris","0"
"KR074544.1","KR074544.1","51549","Pseudorasbora parva","0"
"KR074923.1","KR074923.1","51549","Pseudorasbora parva","0"
"HM560155.1","HM560155.1","51549","Pseudorasbora parva","0"
"KR074875.1","KR074875.1","51549","Pseudorasbora parva","0"
"KJ627988.1","KJ627988.1","134920","Pungitius pungitius","0"
"KR074853.1","KR074853.1","51549","Pseudorasbora parva","0"
"EU444658.1","EU444658.1","322563","Proterorhinus semilunaris","0"
"GU227765.1","GU227765.1","134920","Pungitius pungitius","0"
"GU227773.1","GU227773.1","134920","Pungitius pungitius","0"
"KJ605197.1","KJ605197.1","322563","Proterorhinus semilunaris","0"
"KR074877.1","KR074877.1","51549","Pseudorasbora parva","0"
"EU444628.1","EU444628.1","322563","Proterorhinus semilunaris","0"
"HM156755.1","HM156755.1","48668","Rutilus rutilus","0"
"KR025542.1","KR025542.1","48668","Rutilus rutilus","0"
"KF784831.1","KF784831.1","48668","Rutilus rutilus","0"
"KR025541.1","KR025541.1","48668","Rutilus rutilus","0"
"HM156754.1","HM156754.1","48668","Rutilus rutilus","0"
"KF784838.1","KF784838.1","48668","Rutilus rutilus","0"
"HM156756.1","HM156756.1","48668","Rutilus rutilus","0"
"HM156757.1","HM156757.1","48668","Rutilus rutilus","0"
"HM560167.1","HM560167.1","48668","Rutilus rutilus","0"
"KU302643.1","KU302643.1","48668","Rutilus rutilus","0"
"KM052222.1","KM052222.1","58327","Rhodeus sericeus","0"
"HM156752.1","HM156752.1","48668","Rutilus rutilus","0"
"KF552102.1","KF552102.1","48668","Rutilus rutilus","0"
"KF784839.1","KF784839.1","48668","Rutilus rutilus","0"
"HM156758.1","HM156758.1","48668","Rutilus rutilus","0"
"HM560168.1","HM560168.1","48668","Rutilus rutilus","0"
"KF784812.1","KF784812.1","48668","Rutilus rutilus","0"
"HM156751.1","HM156751.1","48668","Rutilus rutilus","0"
"KF784813.1","KF784813.1","48668","Rutilus rutilus","0"
"KF784821.1","KF784821.1","48668","Rutilus rutilus","0"
"KF784820.1","KF784820.1","48668","Rutilus rutilus","0"
"FJ025074.1","FJ025074.1","48668","Rutilus rutilus","0"
"AB366518.1","AB366518.1","58327","Rhodeus sericeus","0"
"HM156753.1","HM156753.1","48668","Rutilus rutilus","0"
"KF410786.1","KF410786.1","58327","Rhodeus sericeus","0"
"KF784833.1","KF784833.1","48668","Rutilus rutilus","0"
"KF784808.1","KF784808.1","48668","Rutilus rutilus","0"
"KF784819.1","KF784819.1","48668","Rutilus rutilus","0"
"KF784822.1","KF784822.1","48668","Rutilus rutilus","0"
"KF410785.1","KF410785.1","58327","Rhodeus sericeus","0"
"KF784815.1","KF784815.1","48668","Rutilus rutilus","0"
"FJ025072.1","FJ025072.1","48668","Rutilus rutilus","0"
"KF784841.1","KF784841.1","48668","Rutilus rutilus","0"
"KF784814.1","KF784814.1","48668","Rutilus rutilus","0"
"KF784810.1","KF784810.1","48668","Rutilus rutilus","0"
"KF784840.1","KF784840.1","48668","Rutilus rutilus","0"
"KC696559.1","KC696559.1","48668","Rutilus rutilus","0"
"AJ555554.1","AJ555554.1","48668","Rutilus rutilus","0"
"FJ025068.1","FJ025068.1","48668","Rutilus rutilus","0"
"KF784811.1","KF784811.1","48668","Rutilus rutilus","0"
"KF784832.1","KF784832.1","48668","Rutilus rutilus","0"
"HM156759.1","HM156759.1","48668","Rutilus rutilus","0"
"FJ025078.1","FJ025078.1","48668","Rutilus rutilus","0"
"EU856045.1","EU856045.1","8284","Squalius cephalus","0"
"AJ389559.1","AJ389559.1","8284","Squalius cephalus","0"
"DQ451370.1","DQ451370.1","8032","Salmo trutta","0"
"AY509842.1","AY509842.1","58319","Scardinius erythrophthalmus","0"
"AY509840.1","AY509840.1","58319","Scardinius erythrophthalmus","0"
"AJ389554.1","AJ389554.1","8284","Squalius cephalus","0"
"DQ451372.1","DQ451372.1","8032","Salmo trutta","0"
"DQ451374.1","DQ451374.1","8032","Salmo trutta","0"
"HM049965.1","HM049965.1","283035","Sander lucioperca","0"
"KU302640.1","KU302640.1","8284","Squalius cephalus","0"
"EU492280.1","EU492280.1","8030","Salmo salar","0"
"EU856057.1","EU856057.1","58319","Scardinius erythrophthalmus","0"
"KF985678.1","KF985678.1","8032","Salmo trutta","0"
"KU302642.1","KU302642.1","8284","Squalius cephalus","0"
"KP200650.1","KP200650.1","8036","Salvelinus alpinus","0"
"JX960836.1","JX960836.1","8032","Salmo trutta","0"
"EU791880.1","EU791880.1","8284","Squalius cephalus","0"
"EU791882.1","EU791882.1","8284","Squalius cephalus","0"
"KF985715.1","KF985715.1","8032","Salmo trutta","0"
"JX025365.1","JX025365.1","283035","Sander lucioperca","0"
"KP200661.1","KP200661.1","8036","Salvelinus alpinus","0"
"KF985670.1","KF985670.1","8032","Salmo trutta","0"
"AJ252807.1","AJ252807.1","8284","Squalius cephalus","0"
"FJ608997.1","FJ608997.1","8032","Salmo trutta","0"
"EU791884.1","EU791884.1","8284","Squalius cephalus","0"
"FJ608991.1","FJ608991.1","8032","Salmo trutta","0"
"FJ608987.1","FJ608987.1","8032","Salmo trutta","0"
"AY509838.1","AY509838.1","58319","Scardinius erythrophthalmus","0"
"KP200643.1","KP200643.1","8036","Salvelinus alpinus","0"
"FJ608989.1","FJ608989.1","8032","Salmo trutta","0"
"AJ389562.1","AJ389562.1","8284","Squalius cephalus","0"
"FJ608993.1","FJ608993.1","8032","Salmo trutta","0"
"FJ608995.1","FJ608995.1","8032","Salmo trutta","0"
"KC819826.1","KC819826.1","283035","Sander lucioperca","0"
"KT279197.1","KT279197.1","8032","Salmo trutta","0"
"EU791879.1","EU791879.1","8284","Squalius cephalus","0"
"FJ608999.1","FJ608999.1","8032","Salmo trutta","0"
"KT279189.1","KT279189.1","8032","Salmo trutta","0"
"EU791871.1","EU791871.1","8284","Squalius cephalus","0"
"EU791873.1","EU791873.1","8284","Squalius cephalus","0"
"EU791865.1","EU791865.1","8284","Squalius cephalus","0"
"AJ389568.1","AJ389568.1","8284","Squalius cephalus","0"
"JQ390055.1","JQ390055.1","8030","Salmo salar","0"
"AJ389564.1","AJ389564.1","8284","Squalius cephalus","0"
"AJ389566.1","AJ389566.1","8284","Squalius cephalus","0"
"KP200651.1","KP200651.1","8036","Salvelinus alpinus","0"
"AJ389560.1","AJ389560.1","8284","Squalius cephalus","0"
"KT279175.1","KT279175.1","8032","Salmo trutta","0"
"AJ389578.1","AJ389578.1","8284","Squalius cephalus","0"
"KT279185.1","KT279185.1","8032","Salmo trutta","0"
"BT044011.1","BT044011.1","8030","Salmo salar","0"
"AJ389570.1","AJ389570.1","8284","Squalius cephalus","0"
"KT279167.1","KT279167.1","8032","Salmo trutta","0"
"KF985666.1","KF985666.1","8032","Salmo trutta","0"
"AJ002327.1","AJ002327.1","8284","Squalius cephalus","0"
"HQ167698.1","HQ167698.1","8036","Salvelinus alpinus","0"
"AJ002331.1","AJ002331.1","8284","Squalius cephalus","0"
"AJ002333.1","AJ002333.1","8284","Squalius cephalus","0"
"KU302637.1","KU302637.1","8284","Squalius cephalus","0"
"AJ252792.1","AJ252792.1","8284","Squalius cephalus","0"
"AJ389576.1","AJ389576.1","8284","Squalius cephalus","0"
"AF546122.1","AF546122.1","283035","Sander lucioperca","0"
"AJ002321.1","AJ002321.1","8284","Squalius cephalus","0"
"AJ389574.1","AJ389574.1","8284","Squalius cephalus","0"
"AJ389572.1","AJ389572.1","8284","Squalius cephalus","0"
"AJ252794.1","AJ252794.1","8284","Squalius cephalus","0"
"KU302631.1","KU302631.1","8284","Squalius cephalus","0"
"AJ002335.1","AJ002335.1","8284","Squalius cephalus","0"
"AJ252796.1","AJ252796.1","8284","Squalius cephalus","0"
"AY286026.1","AY286026.1","8036","Salvelinus alpinus","0"
"AJ002339.1","AJ002339.1","8284","Squalius cephalus","0"
"AJ389556.1","AJ389556.1","8284","Squalius cephalus","0"
"KU302635.1","KU302635.1","8284","Squalius cephalus","0"
"AJ002323.1","AJ002323.1","8284","Squalius cephalus","0"
"AJ252790.1","AJ252790.1","8284","Squalius cephalus","0"
"AJ002343.1","AJ002343.1","8284","Squalius cephalus","0"
"KU302639.1","KU302639.1","8284","Squalius cephalus","0"
"AJ252804.1","AJ252804.1","8284","Squalius cephalus","0"
"EU492108.1","EU492108.1","8032","Salmo trutta","0"
"AJ002325.1","AJ002325.1","8284","Squalius cephalus","0"
"AJ389558.1","AJ389558.1","8284","Squalius cephalus","0"
"AJ252798.1","AJ252798.1","8284","Squalius cephalus","0"
"FJ788390.1","FJ788390.1","283035","Sander lucioperca","0"
"DQ451365.1","DQ451365.1","8038","Salvelinus fontinalis","0"
"EU791868.1","EU791868.1","8284","Squalius cephalus","0"
"AY509839.1","AY509839.1","58319","Scardinius erythrophthalmus","0"
"AJ252788.1","AJ252788.1","8284","Squalius cephalus","0"
"AJ252800.1","AJ252800.1","8284","Squalius cephalus","0"
"AJ002341.1","AJ002341.1","8284","Squalius cephalus","0"
"AJ252802.1","AJ252802.1","8284","Squalius cephalus","0"
"AJ252786.1","AJ252786.1","8284","Squalius cephalus","0"
"AY509837.1","AY509837.1","58319","Scardinius erythrophthalmus","0"
"AJ252784.1","AJ252784.1","8284","Squalius cephalus","0"
"AF421792.1","AF421792.1","8284","Squalius cephalus","0"
"AJ002349.1","AJ002349.1","8284","Squalius cephalus","0"
"AY509835.1","AY509835.1","58319","Scardinius erythrophthalmus","0"
"AJ389553.1","AJ389553.1","8284","Squalius cephalus","0"
"JX025363.1","JX025363.1","283035","Sander lucioperca","0"
"AY509827.1","AY509827.1","8284","Squalius cephalus","0"
"AF133701.1","AF133701.1","8030","Salmo salar","0"
"KU302641.1","KU302641.1","8284","Squalius cephalus","0"
"EU791881.1","EU791881.1","8284","Squalius cephalus","0"
"KU302636.1","KU302636.1","8284","Squalius cephalus","0"
"EU791883.1","EU791883.1","8284","Squalius cephalus","0"
"DQ451361.1","DQ451361.1","8038","Salvelinus fontinalis","0"
"JQ652365.1","JQ652365.1","8284","Squalius cephalus","0"
"AJ389580.1","AJ389580.1","8284","Squalius cephalus","0"
"FJ608996.1","FJ608996.1","8032","Salmo trutta","0"
"AJ002328.1","AJ002328.1","8284","Squalius cephalus","0"
"AY509826.1","AY509826.1","8284","Squalius cephalus","0"
"FJ608990.1","FJ608990.1","8032","Salmo trutta","0"
"FJ608992.1","FJ608992.1","8032","Salmo trutta","0"
"AY509841.1","AY509841.1","58319","Scardinius erythrophthalmus","0"
"EU856046.1","EU856046.1","8284","Squalius cephalus","0"
"AJ252806.1","AJ252806.1","8284","Squalius cephalus","0"
"JX960839.1","JX960839.1","8032","Salmo trutta","0"
"KP200663.1","KP200663.1","8036","Salvelinus alpinus","0"
"FJ608994.1","FJ608994.1","8032","Salmo trutta","0"
"AJ389555.1","AJ389555.1","8284","Squalius cephalus","0"
"JX960837.1","JX960837.1","8032","Salmo trutta","0"
"KF985679.1","KF985679.1","8032","Salmo trutta","0"
"EU791872.1","EU791872.1","8284","Squalius cephalus","0"
"AJ252805.1","AJ252805.1","8284","Squalius cephalus","0"
"KT279180.1","KT279180.1","8032","Salmo trutta","0"
"JX960835.1","JX960835.1","8032","Salmo trutta","0"
"AM398435.2","AM398435.2","94993","Silurus glanis","0"
"KU302632.1","KU302632.1","8284","Squalius cephalus","0"
"FJ435623.1","FJ435623.1","8032","Salmo trutta","0"
"JX960833.1","JX960833.1","8030","Salmo salar","0"
"FJ655773.1","FJ655773.1","8032","Salmo trutta","0"
"AJ389579.1","AJ389579.1","8284","Squalius cephalus","0"
"FJ435619.1","FJ435619.1","8030","Salmo salar","0"
"AM910409.1","AM910409.1","8032","Salmo trutta","0"
"AJ389571.1","AJ389571.1","8284","Squalius cephalus","0"
"KP200664.1","KP200664.1","8036","Salvelinus alpinus","0"
"GQ214533.1","GQ214533.1","283035","Sander lucioperca","0"
"KT279182.1","KT279182.1","8032","Salmo trutta","0"
"KF985667.1","KF985667.1","8032","Salmo trutta","0"
"KF985726.1","KF985726.1","8032","Salmo trutta","0"
"AJ389563.1","AJ389563.1","8284","Squalius cephalus","0"
"FJ608988.1","FJ608988.1","8032","Salmo trutta","0"
"KT279198.1","KT279198.1","8032","Salmo trutta","0"
"JX025364.1","JX025364.1","283035","Sander lucioperca","0"
"KF985699.1","KF985699.1","8032","Salmo trutta","0"
"EU791866.1","EU791866.1","8284","Squalius cephalus","0"
"KF985675.1","KF985675.1","8032","Salmo trutta","0"
"AJ389577.1","AJ389577.1","8284","Squalius cephalus","0"
"FJ608998.1","FJ608998.1","8032","Salmo trutta","0"
"HM560171.1","HM560171.1","58319","Scardinius erythrophthalmus","0"
"KC960518.1","KC960518.1","283035","Sander lucioperca","0"
"KT279196.1","KT279196.1","8032","Salmo trutta","0"
"KF985677.1","KF985677.1","8032","Salmo trutta","0"
"AJ389575.1","AJ389575.1","8284","Squalius cephalus","0"
"AJ389552.1","AJ389552.1","8284","Squalius cephalus","0"
"KC819823.1","KC819823.1","283035","Sander lucioperca","0"
"KU302630.1","KU302630.1","8284","Squalius cephalus","0"
"EU791864.1","EU791864.1","8284","Squalius cephalus","0"
"AJ389573.1","AJ389573.1","8284","Squalius cephalus","0"
"AJ389569.1","AJ389569.1","8284","Squalius cephalus","0"
"AJ389557.1","AJ389557.1","8284","Squalius cephalus","0"
"JX960845.1","JX960845.1","8036","Salvelinus alpinus","0"
"AJ389565.1","AJ389565.1","8284","Squalius cephalus","0"
"AJ389567.1","AJ389567.1","8284","Squalius cephalus","0"
"AJ389561.1","AJ389561.1","8284","Squalius cephalus","0"
"AJ389551.1","AJ389551.1","8284","Squalius cephalus","0"
"KF985673.1","KF985673.1","8032","Salmo trutta","0"
"KU302638.1","KU302638.1","8284","Squalius cephalus","0"
"AJ002342.1","AJ002342.1","8284","Squalius cephalus","0"
"AF045995.1","AF045995.1","8284","Squalius cephalus","0"
"FJ788397.1","FJ788397.1","283035","Sander lucioperca","0"
"AJ002344.1","AJ002344.1","8284","Squalius cephalus","0"
"AJ002322.1","AJ002322.1","8284","Squalius cephalus","0"
"AJ002336.1","AJ002336.1","8284","Squalius cephalus","0"
"HQ167699.1","HQ167699.1","8038","Salvelinus fontinalis","0"
"AJ252789.1","AJ252789.1","8284","Squalius cephalus","0"
"JQ390056.1","JQ390056.1","8030","Salmo salar","0"
"KT279172.1","KT279172.1","8032","Salmo trutta","0"
"AJ252787.1","AJ252787.1","8284","Squalius cephalus","0"
"AJ002340.1","AJ002340.1","8284","Squalius cephalus","0"
"AJ252785.1","AJ252785.1","8284","Squalius cephalus","0"
"AJ252793.1","AJ252793.1","8284","Squalius cephalus","0"
"AJ002326.1","AJ002326.1","8284","Squalius cephalus","0"
"AJ002329.1","AJ002329.1","8284","Squalius cephalus","0"
"AJ002348.1","AJ002348.1","8284","Squalius cephalus","0"
"AJ002334.1","AJ002334.1","8284","Squalius cephalus","0"
"JX960852.1","JX960852.1","8038","Salvelinus fontinalis","0"
"AJ252795.1","AJ252795.1","8284","Squalius cephalus","0"
"AJ252783.1","AJ252783.1","8284","Squalius cephalus","0"
"KP200642.1","KP200642.1","8036","Salvelinus alpinus","0"
"AJ969127.1","AJ969127.1","94993","Silurus glanis","0"
"AJ002350.1","AJ002350.1","8284","Squalius cephalus","0"
"AJ002338.1","AJ002338.1","8284","Squalius cephalus","0"
"AJ252797.1","AJ252797.1","8284","Squalius cephalus","0"
"KP200652.1","KP200652.1","8036","Salvelinus alpinus","0"
"AJ252791.1","AJ252791.1","8284","Squalius cephalus","0"
"JX960846.1","JX960846.1","8036","Salvelinus alpinus","0"
"AF421801.1","AF421801.1","8284","Squalius cephalus","0"
"AF421803.1","AF421803.1","8284","Squalius cephalus","0"
"AJ252799.1","AJ252799.1","8284","Squalius cephalus","0"
"AJ002352.1","AJ002352.1","8284","Squalius cephalus","0"
"DQ451360.1","DQ451360.1","8038","Salvelinus fontinalis","0"
"EU791869.1","EU791869.1","8284","Squalius cephalus","0"
"AJ252801.1","AJ252801.1","8284","Squalius cephalus","0"
"AY509836.1","AY509836.1","58319","Scardinius erythrophthalmus","0"
"AJ252803.1","AJ252803.1","8284","Squalius cephalus","0"
"HM167943.1","HM167943.1","27717","Tinca tinca","0"
"HM167942.1","HM167942.1","27717","Tinca tinca","0"
"FJ853655.1","FJ853655.1","36185","Thymallus thymallus","0"
"HM167954.1","HM167954.1","27717","Tinca tinca","0"
"HM167949.1","HM167949.1","27717","Tinca tinca","0"
"HM167944.1","HM167944.1","27717","Tinca tinca","0"
"HM167948.1","HM167948.1","27717","Tinca tinca","0"
"HM167952.1","HM167952.1","27717","Tinca tinca","0"
"EU856058.1","EU856058.1","27717","Tinca tinca","0"
"HM167945.1","HM167945.1","27717","Tinca tinca","0"
"HM167953.1","HM167953.1","27717","Tinca tinca","0"
"HM167946.1","HM167946.1","27717","Tinca tinca","0"
"HM167950.1","HM167950.1","27717","Tinca tinca","0"
"HM167951.1","HM167951.1","27717","Tinca tinca","0"
"JX960869.1","JX960869.1","36185","Thymallus thymallus","0"
"HM167947.1","HM167947.1","27717","Tinca tinca","0"
"HM167957.1","HM167957.1","27717","Tinca tinca","0"
"JX960868.1","JX960868.1","36185","Thymallus thymallus","0"
"JX974521.1","JX974521.1","27717","Tinca tinca","0"
"HM167941.1","HM167941.1","27717","Tinca tinca","0"
"HM167956.1","HM167956.1","27717","Tinca tinca","0"
"HM167955.1","HM167955.1","27717","Tinca tinca","0"
"NC_022456.1","NC_022456.1","75934","Umbra pygmaea","0"
"HM560237.1","HM560237.1","155067","Vimba vimba","0"
"GQ279761.1","GQ279761.1","155067","Vimba vimba","0"
"GQ279756.1","GQ279756.1","155067","Vimba vimba","0"
"GQ279760.1","GQ279760.1","155067","Vimba vimba","0"
"GQ279765.1","GQ279765.1","155067","Vimba vimba","0"
"GQ279763.1","GQ279763.1","155067","Vimba vimba","0"
"GQ279752.1","GQ279752.1","155067","Vimba vimba","0"
"GQ279751.1","GQ279751.1","155067","Vimba vimba","0"
"GQ279755.1","GQ279755.1","155067","Vimba vimba","0"
"GQ279753.1","GQ279753.1","155067","Vimba vimba","0"
"GQ279754.1","GQ279754.1","155067","Vimba vimba","0"
"GQ279750.1","GQ279750.1","155067","Vimba vimba","0"
"GQ279762.1","GQ279762.1","155067","Vimba vimba","0"
